# Created on Thu Nov  3 12:41:09 EDT 2022 by hooten@r130
# called from potential_to_gromacs.sh, version 1.6.4 
# settings file: '/ocean/projects/dmr170002p/hooten/fff/second_cg/forcefield/bonded_params/gen1/settings_dihedrals.xml'
# working directory: /ocean/projects/dmr170002p/hooten/fff/second_cg/forcefield/bonded_params/gen1
-1.8000000000e+02   3.4127978130e+00 -0.0000000000e+00
-1.7500000000e+02   3.4127978130e+00 -0.0000000000e+00
-1.7000000000e+02   3.4127978130e+00 -0.0000000000e+00
-1.6500000000e+02   3.4127978130e+00 -0.0000000000e+00
-1.6000000000e+02   3.4127978130e+00 -0.0000000000e+00
-1.5500000000e+02   3.4127978130e+00 -0.0000000000e+00
-1.5000000000e+02   3.4127978130e+00 -0.0000000000e+00
-1.4500000000e+02   3.4127978130e+00 -0.0000000000e+00
-1.4000000000e+02   3.4127978130e+00 -0.0000000000e+00
-1.3500000000e+02   3.4127978130e+00 -0.0000000000e+00
-1.3000000000e+02   3.4127978130e+00 -0.0000000000e+00
-1.2500000000e+02   3.4127978130e+00 -0.0000000000e+00
-1.2000000000e+02   3.4127978130e+00 -0.0000000000e+00
-1.1500000000e+02   3.4127978130e+00 -0.0000000000e+00
-1.1000000000e+02   3.4127978130e+00 -0.0000000000e+00
-1.0500000000e+02   3.4127978130e+00 -0.0000000000e+00
-1.0000000000e+02   3.4127978130e+00 -0.0000000000e+00
-9.5000000000e+01   3.4127978130e+00 -0.0000000000e+00
-9.0000000000e+01   3.4127978130e+00 -0.0000000000e+00
-8.5000000000e+01   3.4127978130e+00 -0.0000000000e+00
-8.0000000000e+01   3.4127978130e+00 -0.0000000000e+00
-7.5000000000e+01   3.4127978130e+00 -0.0000000000e+00
-7.0000000000e+01   3.4127978130e+00 -0.0000000000e+00
-6.5000000000e+01   3.4127978130e+00 -0.0000000000e+00
-6.0000000000e+01   3.4127978130e+00 -0.0000000000e+00
-5.5000000000e+01   3.4127978130e+00 -0.0000000000e+00
-5.0000000000e+01   3.4127978130e+00 -0.0000000000e+00
-4.5000000000e+01   3.4127978130e+00 -0.0000000000e+00
-4.0000000000e+01   3.4127978130e+00 -0.0000000000e+00
-3.5000000000e+01   3.4127978130e+00 -0.0000000000e+00
-3.0000000000e+01   3.4127978130e+00 -0.0000000000e+00
-2.5000000000e+01   3.4127978130e+00 -0.0000000000e+00
-2.0000000000e+01   3.4127978130e+00 -0.0000000000e+00
-1.5000000000e+01   3.4127978130e+00 -0.0000000000e+00
-1.0000000000e+01   3.4127978130e+00 7.8330454000e-02
-5.0000000000e+00   2.6294932730e+00 2.6951076730e-01
0.0000000000e+00   7.1769014000e-01 2.6294932730e-01
5.0000000000e+00   0.0000000000e+00 -2.5216255080e-01
1.0000000000e+01   3.2393156480e+00 -3.4127978130e-01
1.5000000000e+01   3.4127978130e+00 -1.7348216500e-02
2.0000000000e+01   3.4127978130e+00 -0.0000000000e+00
2.5000000000e+01   3.4127978130e+00 -0.0000000000e+00
3.0000000000e+01   3.4127978130e+00 -0.0000000000e+00
3.5000000000e+01   3.4127978130e+00 -0.0000000000e+00
4.0000000000e+01   3.4127978130e+00 -0.0000000000e+00
4.5000000000e+01   3.4127978130e+00 -0.0000000000e+00
5.0000000000e+01   3.4127978130e+00 -0.0000000000e+00
5.5000000000e+01   3.4127978130e+00 -0.0000000000e+00
6.0000000000e+01   3.4127978130e+00 -0.0000000000e+00
6.5000000000e+01   3.4127978130e+00 -0.0000000000e+00
7.0000000000e+01   3.4127978130e+00 -0.0000000000e+00
7.5000000000e+01   3.4127978130e+00 -0.0000000000e+00
8.0000000000e+01   3.4127978130e+00 -0.0000000000e+00
8.5000000000e+01   3.4127978130e+00 -0.0000000000e+00
9.0000000000e+01   3.4127978130e+00 -0.0000000000e+00
9.5000000000e+01   3.4127978130e+00 -0.0000000000e+00
1.0000000000e+02   3.4127978130e+00 -0.0000000000e+00
1.0500000000e+02   3.4127978130e+00 -0.0000000000e+00
1.1000000000e+02   3.4127978130e+00 -0.0000000000e+00
1.1500000000e+02   3.4127978130e+00 -0.0000000000e+00
1.2000000000e+02   3.4127978130e+00 -0.0000000000e+00
1.2500000000e+02   3.4127978130e+00 -0.0000000000e+00
1.3000000000e+02   3.4127978130e+00 -0.0000000000e+00
1.3500000000e+02   3.4127978130e+00 -0.0000000000e+00
1.4000000000e+02   3.4127978130e+00 -0.0000000000e+00
1.4500000000e+02   3.4127978130e+00 -0.0000000000e+00
1.5000000000e+02   3.4127978130e+00 -0.0000000000e+00
1.5500000000e+02   3.4127978130e+00 -0.0000000000e+00
1.6000000000e+02   3.4127978130e+00 -0.0000000000e+00
1.6500000000e+02   3.4127978130e+00 -0.0000000000e+00
1.7000000000e+02   3.4127978130e+00 -0.0000000000e+00
1.7500000000e+02   3.4127978130e+00 -0.0000000000e+00
1.8000000000e+02   3.4127978130e+00 -0.0000000000e+00
