1 17 	 1 8 	 1 1 	 0.597961
1 17 	 1 10 	 1 1 	 0.482851
1 19 	 1 6 	 1 1 	 0.565693
1 19 	 2 6 	 1 1 	 0.489580
1 19 	 3 6 	 1 0 	 0.565834
1 17 	 4 8 	 1 1 	 0.537384
1 17 	 4 10 	 1 1 	 0.533547
1 17 	 5 8 	 1 0 	 0.512802
1 17 	 5 9 	 1 0 	 0.593056
1 30 	 6 9 	 1 1 	 0.500008
1 17 	 6 8 	 1 0 	 0.588518
1 17 	 6 9 	 1 0 	 0.496721
1 30 	 6 3 	 1 0 	 0.548786
1 32 	 7 1 	 1 1 	 0.590756
1 32 	 8 2 	 1 1 	 0.559432
1 32 	 9 2 	 1 1 	 0.563079
1 32 	 9 3 	 1 1 	 0.511545
2 5 	 3 3 	 1 1 	 0.518356
2 27 	 3 6 	 1 1 	 0.572752
2 5 	 5 2 	 1 1 	 0.479878
2 5 	 5 3 	 1 1 	 0.447974
2 5 	 6 3 	 1 1 	 0.508468
2 27 	 6 9 	 1 1 	 0.508022
2 5 	 7 1 	 1 1 	 0.579840
2 5 	 7 2 	 1 1 	 0.517483
2 5 	 7 3 	 1 1 	 0.567798
2 5 	 8 1 	 1 1 	 0.518233
2 5 	 8 2 	 1 1 	 0.547582
2 5 	 10 1 	 1 1 	 0.279073
2 5 	 10 2 	 1 1 	 0.342171
2 5 	 10 3 	 1 1 	 0.593459
2 5 	 10 4 	 1 1 	 0.543598
2 5 	 10 10 	 1 1 	 0.546682
3 25 	 3 3 	 1 1 	 0.570487
3 9 	 3 3 	 1 0 	 0.542183
3 19 	 4 7 	 1 1 	 0.499151
3 19 	 5 5 	 1 1 	 0.530980
3 19 	 5 7 	 1 1 	 0.485290
3 19 	 6 5 	 1 1 	 0.448123
3 19 	 6 6 	 1 1 	 0.562275
3 19 	 6 7 	 1 1 	 0.524494
3 32 	 6 6 	 1 1 	 0.597160
3 32 	 6 7 	 1 1 	 0.453717
3 32 	 6 8 	 1 1 	 0.525608
3 32 	 6 9 	 1 1 	 0.492588
3 19 	 7 1 	 1 1 	 0.520669
3 19 	 7 2 	 1 1 	 0.397692
3 19 	 7 4 	 1 1 	 0.459595
3 19 	 7 5 	 1 1 	 0.486549
3 19 	 7 7 	 1 1 	 0.482836
3 19 	 8 1 	 1 1 	 0.536207
3 19 	 8 2 	 1 1 	 0.439290
3 25 	 8 2 	 1 1 	 0.499667
3 25 	 8 3 	 1 1 	 0.537176
3 25 	 8 5 	 1 1 	 0.597820
3 8 	 9 9 	 1 1 	 0.566541
3 19 	 9 2 	 1 1 	 0.525551
3 25 	 9 5 	 1 1 	 0.504229
3 25 	 9 6 	 1 1 	 0.536517
3 32 	 9 9 	 1 1 	 0.599090
3 19 	 10 1 	 1 1 	 0.537517
3 19 	 10 2 	 1 1 	 0.525717
3 25 	 10 1 	 1 1 	 0.568518
3 25 	 10 2 	 1 1 	 0.501399
3 25 	 10 3 	 1 1 	 0.590077
4 5 	 1 7 	 1 1 	 0.512774
4 14 	 1 5 	 1 1 	 0.427067
4 14 	 1 7 	 1 1 	 0.370757
4 5 	 1 4 	 1 0 	 0.586508
4 14 	 1 8 	 1 0 	 0.523130
4 14 	 1 9 	 1 0 	 0.458011
4 5 	 2 7 	 1 1 	 0.410862
4 14 	 2 5 	 1 1 	 0.539218
4 14 	 2 7 	 1 1 	 0.545889
4 5 	 2 4 	 1 0 	 0.485701
4 5 	 2 5 	 1 0 	 0.470422
4 14 	 2 9 	 1 0 	 0.597058
4 5 	 3 4 	 1 1 	 0.593596
4 14 	 3 9 	 1 1 	 0.501672
4 27 	 3 9 	 1 1 	 0.395082
4 14 	 3 5 	 1 0 	 0.495073
4 14 	 3 6 	 1 0 	 0.541644
4 14 	 3 7 	 1 0 	 0.586974
4 5 	 4 7 	 1 1 	 0.575765
4 14 	 4 5 	 1 1 	 0.472344
4 14 	 4 7 	 1 1 	 0.509260
4 24 	 5 5 	 1 1 	 0.524296
4 24 	 5 8 	 1 1 	 0.597617
4 24 	 5 9 	 1 1 	 0.482172
4 10 	 6 9 	 1 1 	 0.474201
4 14 	 6 6 	 1 1 	 0.591806
4 17 	 6 3 	 1 1 	 0.519858
4 24 	 6 6 	 1 1 	 0.580246
4 27 	 6 9 	 1 0 	 0.587653
4 24 	 7 1 	 1 1 	 0.556904
4 24 	 7 5 	 1 1 	 0.558974
4 24 	 7 7 	 1 1 	 0.583792
4 24 	 7 8 	 1 1 	 0.486964
4 24 	 7 9 	 1 1 	 0.488993
4 24 	 8 8 	 1 1 	 0.509507
4 24 	 8 9 	 1 1 	 0.571016
4 5 	 9 7 	 1 1 	 0.584983
4 5 	 9 9 	 1 1 	 0.591883
4 18 	 9 3 	 1 1 	 0.570280
4 18 	 9 4 	 1 1 	 0.593223
4 18 	 9 5 	 1 1 	 0.566818
4 24 	 9 9 	 1 1 	 0.508961
4 24 	 10 1 	 1 1 	 0.507277
4 24 	 10 8 	 1 1 	 0.592133
5 27 	 3 5 	 1 1 	 0.591558
5 27 	 3 6 	 1 1 	 0.508651
5 27 	 3 9 	 1 1 	 0.576476
5 30 	 3 9 	 1 1 	 0.598696
5 4 	 4 1 	 1 0 	 0.586508
5 4 	 4 2 	 1 0 	 0.485701
5 4 	 5 2 	 1 0 	 0.470422
5 17 	 5 6 	 1 0 	 0.527883
5 17 	 6 5 	 1 1 	 0.463532
5 17 	 6 6 	 1 1 	 0.343116
5 17 	 6 9 	 1 1 	 0.574306
5 30 	 6 9 	 1 0 	 0.580808
5 15 	 8 9 	 1 1 	 0.504370
5 7 	 9 9 	 1 1 	 0.542660
5 18 	 9 6 	 1 1 	 0.461298
5 30 	 9 5 	 1 1 	 0.548693
5 15 	 9 9 	 1 0 	 0.455188
5 30 	 9 7 	 1 0 	 0.593060
6 21 	 1 1 	 1 1 	 0.577591
6 21 	 1 4 	 1 1 	 0.599467
6 21 	 1 7 	 1 1 	 0.550132
6 21 	 2 1 	 1 1 	 0.470269
6 21 	 2 2 	 1 1 	 0.575434
6 21 	 2 4 	 1 1 	 0.585796
6 20 	 3 9 	 1 1 	 0.440501
6 21 	 4 1 	 1 1 	 0.407497
6 21 	 4 2 	 1 1 	 0.432242
6 21 	 4 4 	 1 1 	 0.493380
6 21 	 4 7 	 1 1 	 0.513001
6 20 	 5 9 	 1 1 	 0.568002
6 21 	 5 1 	 1 1 	 0.564433
6 21 	 5 2 	 1 1 	 0.511251
6 21 	 5 7 	 1 1 	 0.576473
6 21 	 5 9 	 1 1 	 0.508930
6 8 	 6 6 	 1 1 	 0.561481
6 12 	 6 3 	 1 1 	 0.506781
6 21 	 6 9 	 1 1 	 0.493191
6 21 	 7 1 	 1 1 	 0.532599
6 21 	 7 2 	 1 1 	 0.514538
6 12 	 8 1 	 1 1 	 0.592667
6 21 	 8 1 	 1 1 	 0.479702
6 21 	 8 2 	 1 1 	 0.464759
6 21 	 8 3 	 1 1 	 0.554640
6 12 	 9 1 	 1 1 	 0.459892
6 12 	 9 2 	 1 1 	 0.465332
6 21 	 10 1 	 1 1 	 0.328710
6 21 	 10 2 	 1 1 	 0.409713
6 21 	 10 4 	 1 1 	 0.591821
7 29 	 1 8 	 1 1 	 0.462928
7 29 	 1 9 	 1 1 	 0.330475
7 29 	 1 10 	 1 1 	 0.349083
7 29 	 2 9 	 1 1 	 0.520558
7 29 	 2 10 	 1 1 	 0.476145
7 18 	 3 3 	 1 1 	 0.548989
7 18 	 3 5 	 1 1 	 0.582461
7 18 	 3 7 	 1 1 	 0.517773
7 29 	 4 9 	 1 1 	 0.533089
7 29 	 4 10 	 1 1 	 0.570415
7 18 	 5 3 	 1 1 	 0.563690
7 18 	 6 3 	 1 1 	 0.544035
7 20 	 6 2 	 1 1 	 0.550660
7 20 	 6 3 	 1 1 	 0.503648
7 24 	 6 9 	 1 1 	 0.531569
7 17 	 7 9 	 1 1 	 0.595191
7 30 	 8 1 	 1 1 	 0.447419
7 30 	 8 2 	 1 1 	 0.597801
7 30 	 8 4 	 1 1 	 0.440533
7 30 	 8 5 	 1 1 	 0.510605
7 30 	 8 6 	 1 1 	 0.520056
7 17 	 9 6 	 1 1 	 0.557000
7 30 	 9 5 	 1 1 	 0.533563
7 29 	 10 10 	 1 1 	 0.516197
7 30 	 10 1 	 1 1 	 0.337504
7 30 	 10 2 	 1 1 	 0.528629
7 30 	 10 4 	 1 1 	 0.476965
7 30 	 10 6 	 1 1 	 0.598044
8 25 	 3 8 	 1 1 	 0.514482
8 25 	 3 10 	 1 1 	 0.552910
8 26 	 3 6 	 1 1 	 0.542417
8 21 	 5 9 	 1 1 	 0.585466
8 25 	 5 9 	 1 1 	 0.521047
8 21 	 6 9 	 1 1 	 0.490553
8 23 	 6 3 	 1 1 	 0.574152
8 25 	 6 9 	 1 1 	 0.484911
8 25 	 7 8 	 1 1 	 0.478535
8 25 	 7 9 	 1 1 	 0.510934
8 25 	 7 10 	 1 1 	 0.592892
8 25 	 8 8 	 1 1 	 0.486606
8 25 	 8 9 	 1 1 	 0.523409
8 23 	 9 3 	 1 1 	 0.580352
8 25 	 9 5 	 1 1 	 0.545026
8 25 	 9 6 	 1 1 	 0.486298
8 25 	 9 8 	 1 1 	 0.519943
8 25 	 9 10 	 1 1 	 0.577791
9 22 	 1 10 	 1 1 	 0.479538
9 28 	 1 5 	 1 1 	 0.579066
9 28 	 1 7 	 1 1 	 0.388497
9 28 	 1 8 	 1 1 	 0.493415
9 28 	 1 10 	 1 1 	 0.289472
9 22 	 1 1 	 1 0 	 0.406107
9 22 	 1 2 	 1 0 	 0.564120
9 22 	 1 5 	 1 0 	 0.554001
9 22 	 1 7 	 1 0 	 0.454330
9 22 	 2 10 	 1 1 	 0.501719
9 28 	 2 7 	 1 1 	 0.478853
9 28 	 2 8 	 1 1 	 0.533608
9 28 	 2 10 	 1 1 	 0.357567
9 22 	 2 1 	 1 0 	 0.513019
9 22 	 2 5 	 1 0 	 0.557766
9 22 	 2 6 	 1 0 	 0.554624
9 22 	 2 7 	 1 0 	 0.431777
9 22 	 2 8 	 1 0 	 0.555347
9 10 	 3 3 	 1 1 	 0.539173
9 3 	 3 3 	 1 0 	 0.542183
9 22 	 3 7 	 1 0 	 0.581953
9 25 	 3 3 	 1 0 	 0.517030
9 28 	 4 5 	 1 1 	 0.596051
9 28 	 4 6 	 1 1 	 0.586999
9 28 	 4 7 	 1 1 	 0.464295
9 28 	 4 10 	 1 1 	 0.488839
9 22 	 4 6 	 1 0 	 0.545128
9 22 	 4 7 	 1 0 	 0.593408
9 28 	 5 5 	 1 1 	 0.588268
9 28 	 5 6 	 1 1 	 0.507620
9 28 	 5 7 	 1 1 	 0.544768
9 29 	 5 6 	 1 0 	 0.530561
9 31 	 6 3 	 1 1 	 0.574640
9 31 	 6 5 	 1 1 	 0.409914
9 31 	 6 7 	 1 1 	 0.580295
9 29 	 6 5 	 1 0 	 0.592082
9 29 	 6 6 	 1 0 	 0.575630
9 31 	 6 4 	 1 0 	 0.382210
9 28 	 7 4 	 1 1 	 0.472902
9 28 	 7 5 	 1 1 	 0.433781
9 28 	 7 6 	 1 1 	 0.480003
9 28 	 7 7 	 1 1 	 0.441752
9 28 	 8 1 	 1 0 	 0.513616
9 28 	 8 4 	 1 0 	 0.435171
9 28 	 8 5 	 1 0 	 0.518797
9 28 	 8 7 	 1 0 	 0.538477
9 12 	 9 6 	 1 1 	 0.474385
9 12 	 9 7 	 1 1 	 0.537452
9 12 	 9 9 	 1 1 	 0.524606
9 22 	 9 1 	 1 1 	 0.526007
9 22 	 9 2 	 1 1 	 0.480897
9 22 	 9 5 	 1 1 	 0.529752
9 22 	 9 6 	 1 1 	 0.570649
9 29 	 9 6 	 1 1 	 0.568748
9 28 	 10 1 	 1 1 	 0.387547
9 28 	 10 2 	 1 1 	 0.482971
9 28 	 10 4 	 1 1 	 0.335175
9 28 	 10 5 	 1 1 	 0.450633
9 28 	 10 7 	 1 1 	 0.416438
9 28 	 10 10 	 1 1 	 0.515089
9 22 	 10 1 	 1 0 	 0.547492
10 31 	 3 3 	 1 1 	 0.528009
10 31 	 4 3 	 1 1 	 0.572317
10 24 	 5 6 	 1 1 	 0.596190
10 31 	 5 6 	 1 1 	 0.417090
10 24 	 6 6 	 1 1 	 0.577333
10 28 	 6 6 	 1 1 	 0.556132
10 31 	 6 6 	 1 1 	 0.512312
10 14 	 7 6 	 1 1 	 0.534103
10 31 	 7 3 	 1 1 	 0.584323
10 31 	 7 6 	 1 1 	 0.498772
10 14 	 8 6 	 1 1 	 0.558185
10 27 	 8 8 	 1 1 	 0.593406
10 27 	 8 10 	 1 1 	 0.591550
10 17 	 9 3 	 1 1 	 0.503677
10 24 	 9 6 	 1 1 	 0.510009
10 27 	 9 8 	 1 1 	 0.582090
10 27 	 10 8 	 1 1 	 0.566287
10 27 	 10 10 	 1 1 	 0.468078
12 21 	 1 3 	 1 1 	 0.573645
12 21 	 2 3 	 1 1 	 0.517932
12 21 	 3 3 	 1 1 	 0.584714
12 22 	 3 3 	 1 1 	 0.578707
12 23 	 3 6 	 1 1 	 0.571572
12 25 	 3 9 	 1 1 	 0.507185
12 23 	 4 6 	 1 1 	 0.552725
12 22 	 5 3 	 1 1 	 0.454543
12 23 	 5 6 	 1 1 	 0.523214
12 22 	 6 3 	 1 1 	 0.597157
12 22 	 6 5 	 1 1 	 0.580290
12 22 	 6 6 	 1 1 	 0.588909
12 23 	 6 6 	 1 1 	 0.468134
12 23 	 6 9 	 1 1 	 0.561087
12 29 	 6 9 	 1 1 	 0.527823
12 22 	 7 2 	 1 1 	 0.553532
12 22 	 7 3 	 1 1 	 0.383194
13 15 	 1 2 	 1 1 	 0.535703
13 15 	 1 3 	 1 1 	 0.314345
13 15 	 2 2 	 1 0 	 0.526092
13 15 	 2 3 	 1 0 	 0.409141
13 19 	 3 3 	 1 1 	 0.562607
13 15 	 4 2 	 1 0 	 0.587848
13 15 	 4 3 	 1 0 	 0.519621
13 19 	 5 1 	 1 1 	 0.457055
13 19 	 5 4 	 1 1 	 0.571149
13 19 	 6 1 	 1 1 	 0.290213
13 19 	 6 2 	 1 1 	 0.471120
13 19 	 6 3 	 1 1 	 0.472553
13 19 	 6 4 	 1 1 	 0.532980
13 19 	 7 1 	 1 1 	 0.377799
13 19 	 7 2 	 1 1 	 0.531080
13 19 	 7 4 	 1 1 	 0.398662
13 19 	 7 5 	 1 1 	 0.585397
13 19 	 7 7 	 1 1 	 0.568420
13 19 	 7 8 	 1 0 	 0.591437
13 19 	 8 8 	 1 0 	 0.568968
13 19 	 8 9 	 1 0 	 0.456798
13 15 	 10 3 	 1 1 	 0.551856
13 19 	 10 8 	 1 1 	 0.510574
13 19 	 10 9 	 1 1 	 0.497823
13 19 	 10 4 	 1 0 	 0.590714
14 31 	 1 8 	 1 1 	 0.551631
14 31 	 1 10 	 1 1 	 0.478704
14 31 	 2 8 	 1 1 	 0.464613
14 31 	 2 10 	 1 1 	 0.461044
14 24 	 3 2 	 1 1 	 0.533623
14 24 	 3 3 	 1 1 	 0.597946
14 24 	 3 6 	 1 1 	 0.598875
14 31 	 3 6 	 1 1 	 0.474995
14 31 	 3 8 	 1 1 	 0.533952
14 31 	 3 9 	 1 1 	 0.547590
14 4 	 5 3 	 1 0 	 0.495073
14 4 	 6 3 	 1 0 	 0.541644
14 4 	 7 3 	 1 0 	 0.586974
14 4 	 8 1 	 1 0 	 0.523130
14 4 	 9 1 	 1 0 	 0.458011
14 4 	 9 2 	 1 0 	 0.597058
15 13 	 2 2 	 1 0 	 0.526092
15 13 	 2 4 	 1 0 	 0.587848
15 13 	 3 2 	 1 0 	 0.409141
15 13 	 3 4 	 1 0 	 0.519621
15 18 	 6 6 	 1 1 	 0.524089
15 18 	 6 7 	 1 1 	 0.531544
15 30 	 6 6 	 1 1 	 0.467890
15 30 	 7 6 	 1 1 	 0.485983
15 30 	 8 5 	 1 0 	 0.494286
15 30 	 8 6 	 1 0 	 0.496500
15 5 	 9 9 	 1 0 	 0.455188
15 18 	 9 6 	 1 0 	 0.578112
15 30 	 10 5 	 1 0 	 0.563776
16 20 	 1 1 	 1 1 	 0.576796
16 24 	 1 4 	 1 1 	 0.594247
16 24 	 1 7 	 1 1 	 0.499416
16 24 	 1 8 	 1 1 	 0.492005
16 24 	 1 10 	 1 1 	 0.294532
16 20 	 2 1 	 1 1 	 0.501435
16 24 	 2 7 	 1 1 	 0.590915
16 24 	 2 10 	 1 1 	 0.443921
16 20 	 3 1 	 1 1 	 0.527968
16 20 	 4 1 	 1 1 	 0.354555
16 20 	 4 2 	 1 1 	 0.457001
16 20 	 4 4 	 1 1 	 0.391454
16 20 	 4 5 	 1 1 	 0.556295
16 24 	 4 4 	 1 1 	 0.565995
16 24 	 4 5 	 1 1 	 0.587457
16 24 	 4 7 	 1 1 	 0.387426
16 24 	 4 8 	 1 1 	 0.476279
16 24 	 4 10 	 1 1 	 0.406401
16 20 	 5 1 	 1 1 	 0.597839
16 20 	 5 4 	 1 1 	 0.507679
16 20 	 5 5 	 1 1 	 0.567325
16 20 	 5 6 	 1 1 	 0.534878
16 24 	 5 4 	 1 1 	 0.547527
16 24 	 5 7 	 1 1 	 0.525385
16 20 	 6 1 	 1 1 	 0.570773
16 20 	 6 4 	 1 1 	 0.414286
16 20 	 6 5 	 1 1 	 0.446682
16 20 	 6 6 	 1 1 	 0.516065
16 20 	 6 7 	 1 1 	 0.474836
16 24 	 7 1 	 1 1 	 0.589024
16 24 	 7 2 	 1 1 	 0.552140
16 24 	 7 4 	 1 1 	 0.415222
16 24 	 7 5 	 1 1 	 0.593750
16 24 	 7 7 	 1 1 	 0.486816
16 24 	 7 10 	 1 1 	 0.506189
16 24 	 8 1 	 1 1 	 0.570391
16 24 	 8 2 	 1 1 	 0.482216
16 24 	 8 3 	 1 1 	 0.472887
16 24 	 8 4 	 1 1 	 0.461898
16 24 	 9 3 	 1 1 	 0.415146
16 28 	 9 3 	 1 1 	 0.576889
16 28 	 9 5 	 1 1 	 0.561043
16 28 	 9 6 	 1 1 	 0.503120
17 23 	 1 1 	 1 1 	 0.519455
17 27 	 1 1 	 1 1 	 0.533975
17 27 	 2 1 	 1 1 	 0.563174
17 20 	 3 3 	 1 1 	 0.544908
17 27 	 4 1 	 1 1 	 0.430965
17 27 	 4 2 	 1 0 	 0.590157
17 27 	 4 4 	 1 0 	 0.564384
17 27 	 4 7 	 1 0 	 0.551400
17 27 	 5 1 	 1 1 	 0.531666
17 27 	 5 4 	 1 0 	 0.552964
17 27 	 5 5 	 1 0 	 0.492087
17 27 	 5 6 	 1 0 	 0.591989
17 27 	 5 7 	 1 0 	 0.502900
17 5 	 6 5 	 1 0 	 0.527883
17 27 	 7 1 	 1 1 	 0.367169
17 27 	 7 2 	 1 0 	 0.436143
17 27 	 7 4 	 1 0 	 0.456343
17 27 	 7 5 	 1 0 	 0.503561
17 27 	 7 6 	 1 0 	 0.535734
17 27 	 7 7 	 1 0 	 0.555248
17 27 	 8 1 	 1 1 	 0.565129
17 1 	 8 5 	 1 0 	 0.512802
17 1 	 8 6 	 1 0 	 0.588518
17 30 	 9 3 	 1 1 	 0.477269
17 1 	 9 5 	 1 0 	 0.593056
17 1 	 9 6 	 1 0 	 0.496721
17 30 	 9 8 	 1 0 	 0.575780
17 30 	 9 9 	 1 0 	 0.557799
17 23 	 10 10 	 1 1 	 0.596479
17 27 	 10 1 	 1 1 	 0.494915
18 24 	 3 8 	 1 1 	 0.573217
18 24 	 3 9 	 1 1 	 0.494726
18 30 	 6 6 	 1 1 	 0.524879
18 15 	 6 9 	 1 0 	 0.578112
19 13 	 4 10 	 1 0 	 0.590714
19 1 	 6 3 	 1 0 	 0.565834
19 13 	 8 7 	 1 0 	 0.591437
19 13 	 8 8 	 1 0 	 0.568968
19 13 	 9 8 	 1 0 	 0.456798
20 24 	 1 7 	 1 1 	 0.511807
20 24 	 1 8 	 1 1 	 0.530261
20 24 	 1 9 	 1 1 	 0.584723
20 24 	 1 10 	 1 1 	 0.576773
20 24 	 2 7 	 1 1 	 0.458486
20 24 	 2 8 	 1 1 	 0.503271
20 24 	 2 9 	 1 1 	 0.456414
20 24 	 3 5 	 1 1 	 0.569692
20 24 	 3 7 	 1 1 	 0.554013
20 24 	 3 9 	 1 1 	 0.464647
20 24 	 4 5 	 1 1 	 0.587137
20 24 	 4 7 	 1 1 	 0.474151
20 24 	 5 5 	 1 1 	 0.559130
20 24 	 5 7 	 1 1 	 0.543311
20 24 	 6 3 	 1 1 	 0.590669
20 24 	 6 4 	 1 1 	 0.583371
20 24 	 6 5 	 1 1 	 0.523257
20 24 	 6 6 	 1 1 	 0.472252
20 24 	 6 7 	 1 1 	 0.596424
20 23 	 10 1 	 1 1 	 0.588700
21 26 	 3 9 	 1 1 	 0.526749
21 26 	 5 9 	 1 1 	 0.524479
21 26 	 6 8 	 1 1 	 0.564900
21 26 	 6 9 	 1 1 	 0.538465
21 26 	 9 9 	 1 1 	 0.548414
22 26 	 1 1 	 1 1 	 0.513141
22 26 	 1 4 	 1 1 	 0.552208
22 9 	 1 1 	 1 0 	 0.406107
22 9 	 1 2 	 1 0 	 0.513019
22 9 	 1 10 	 1 0 	 0.547492
22 28 	 1 10 	 1 0 	 0.582170
22 26 	 2 1 	 1 1 	 0.505247
22 26 	 2 4 	 1 1 	 0.450694
22 9 	 2 1 	 1 0 	 0.564120
22 25 	 3 7 	 1 1 	 0.591336
22 26 	 3 1 	 1 1 	 0.569451
22 26 	 3 2 	 1 1 	 0.599264
22 26 	 3 4 	 1 1 	 0.360784
22 26 	 3 5 	 1 1 	 0.492815
22 26 	 3 7 	 1 1 	 0.543607
22 25 	 4 4 	 1 1 	 0.447984
22 25 	 4 5 	 1 1 	 0.525596
22 25 	 4 7 	 1 1 	 0.393037
22 26 	 4 1 	 1 1 	 0.396922
22 26 	 4 2 	 1 1 	 0.548672
22 26 	 4 4 	 1 1 	 0.432307
22 26 	 4 5 	 1 1 	 0.598594
22 26 	 4 6 	 1 1 	 0.483174
22 25 	 5 3 	 1 1 	 0.518082
22 25 	 5 4 	 1 1 	 0.461953
22 25 	 5 5 	 1 1 	 0.479710
22 25 	 5 7 	 1 1 	 0.486106
22 9 	 5 1 	 1 0 	 0.554001
22 9 	 5 2 	 1 0 	 0.557766
22 23 	 6 9 	 1 1 	 0.595370
22 25 	 6 3 	 1 1 	 0.503529
22 25 	 6 5 	 1 1 	 0.573934
22 29 	 6 6 	 1 1 	 0.554896
22 32 	 6 9 	 1 1 	 0.590668
22 9 	 6 2 	 1 0 	 0.554624
22 9 	 6 4 	 1 0 	 0.545128
22 25 	 7 2 	 1 1 	 0.540105
22 25 	 7 3 	 1 1 	 0.418019
22 25 	 7 4 	 1 1 	 0.465210
22 25 	 7 5 	 1 1 	 0.591791
22 9 	 7 1 	 1 0 	 0.454330
22 9 	 7 2 	 1 0 	 0.431777
22 9 	 7 3 	 1 0 	 0.581953
22 9 	 7 4 	 1 0 	 0.593408
22 25 	 8 1 	 1 1 	 0.540963
22 25 	 8 2 	 1 1 	 0.439818
22 25 	 8 3 	 1 1 	 0.395369
22 25 	 8 4 	 1 1 	 0.471055
22 26 	 8 1 	 1 1 	 0.597249
22 9 	 8 2 	 1 0 	 0.555347
22 25 	 9 3 	 1 0 	 0.599548
22 28 	 10 10 	 1 1 	 0.530155
22 25 	 10 3 	 1 0 	 0.598713
22 26 	 10 1 	 1 0 	 0.505806
23 25 	 3 6 	 1 1 	 0.578456
23 25 	 5 6 	 1 1 	 0.564424
23 25 	 6 6 	 1 1 	 0.597866
23 29 	 6 9 	 1 1 	 0.485984
23 29 	 7 9 	 1 1 	 0.521427
23 25 	 8 6 	 1 1 	 0.589177
23 25 	 9 6 	 1 1 	 0.465126
23 29 	 9 8 	 1 1 	 0.589023
23 29 	 9 9 	 1 1 	 0.540246
23 32 	 9 9 	 1 1 	 0.506906
24 28 	 3 6 	 1 1 	 0.548549
24 31 	 3 9 	 1 1 	 0.545362
25 9 	 3 3 	 1 0 	 0.517030
25 22 	 3 9 	 1 0 	 0.599548
25 22 	 3 10 	 1 0 	 0.598713
25 26 	 4 6 	 1 1 	 0.563563
25 26 	 7 6 	 1 1 	 0.436029
25 26 	 8 6 	 1 1 	 0.480471
25 26 	 10 6 	 1 1 	 0.504889
26 22 	 1 10 	 1 0 	 0.505806
27 17 	 2 4 	 1 0 	 0.590157
27 17 	 2 7 	 1 0 	 0.436143
27 17 	 4 4 	 1 0 	 0.564384
27 17 	 4 5 	 1 0 	 0.552964
27 17 	 4 7 	 1 0 	 0.456343
27 17 	 5 5 	 1 0 	 0.492087
27 17 	 5 7 	 1 0 	 0.503561
27 30 	 6 9 	 1 1 	 0.535199
27 17 	 6 5 	 1 0 	 0.591989
27 17 	 6 7 	 1 0 	 0.535734
27 17 	 7 4 	 1 0 	 0.551400
27 17 	 7 5 	 1 0 	 0.502900
27 17 	 7 7 	 1 0 	 0.555248
27 4 	 9 6 	 1 0 	 0.587653
28 9 	 1 8 	 1 0 	 0.513616
28 9 	 4 8 	 1 0 	 0.435171
28 9 	 5 8 	 1 0 	 0.518797
28 9 	 7 8 	 1 0 	 0.538477
28 22 	 10 1 	 1 0 	 0.582170
29 31 	 1 1 	 1 1 	 0.545048
29 31 	 1 7 	 1 0 	 0.582657
29 31 	 1 10 	 1 0 	 0.596941
29 31 	 2 1 	 1 1 	 0.543405
29 31 	 2 7 	 1 0 	 0.471259
29 31 	 2 8 	 1 0 	 0.521770
29 31 	 2 10 	 1 0 	 0.552729
29 31 	 3 7 	 1 0 	 0.524522
29 31 	 3 8 	 1 0 	 0.562251
29 31 	 3 9 	 1 0 	 0.500534
29 31 	 4 1 	 1 1 	 0.383098
29 31 	 4 2 	 1 1 	 0.550931
29 31 	 4 4 	 1 1 	 0.484879
29 32 	 4 10 	 1 1 	 0.531425
29 31 	 4 7 	 1 0 	 0.457495
29 31 	 5 1 	 1 1 	 0.441880
29 31 	 5 2 	 1 1 	 0.553036
29 31 	 5 4 	 1 1 	 0.407537
29 32 	 5 8 	 1 1 	 0.548417
29 32 	 5 9 	 1 1 	 0.536210
29 32 	 5 10 	 1 1 	 0.479837
29 9 	 5 6 	 1 0 	 0.592082
29 31 	 5 7 	 1 0 	 0.552444
29 9 	 6 5 	 1 0 	 0.530561
29 9 	 6 6 	 1 0 	 0.575630
29 32 	 7 9 	 1 1 	 0.527299
29 32 	 7 10 	 1 1 	 0.517744
30 32 	 2 1 	 1 0 	 0.580172
30 1 	 3 6 	 1 0 	 0.548786
30 32 	 3 1 	 1 0 	 0.417829
30 32 	 3 2 	 1 0 	 0.585615
30 15 	 5 8 	 1 0 	 0.494286
30 15 	 5 10 	 1 0 	 0.563776
30 15 	 6 8 	 1 0 	 0.496500
30 5 	 7 9 	 1 0 	 0.593060
30 17 	 8 9 	 1 0 	 0.575780
30 5 	 9 6 	 1 0 	 0.580808
30 17 	 9 9 	 1 0 	 0.557799
31 32 	 1 8 	 1 1 	 0.477670
31 32 	 1 10 	 1 1 	 0.391654
31 32 	 2 6 	 1 1 	 0.554154
31 32 	 2 8 	 1 1 	 0.461633
31 32 	 2 10 	 1 1 	 0.470603
31 32 	 3 6 	 1 0 	 0.537911
31 32 	 3 8 	 1 0 	 0.595099
31 32 	 4 8 	 1 1 	 0.486777
31 32 	 4 10 	 1 1 	 0.530298
31 9 	 4 6 	 1 0 	 0.382210
31 29 	 7 1 	 1 0 	 0.582657
31 29 	 7 2 	 1 0 	 0.471259
31 29 	 7 3 	 1 0 	 0.524522
31 29 	 7 4 	 1 0 	 0.457495
31 29 	 7 5 	 1 0 	 0.552444
31 29 	 8 2 	 1 0 	 0.521770
31 29 	 8 3 	 1 0 	 0.562251
31 29 	 9 3 	 1 0 	 0.500534
31 29 	 10 1 	 1 0 	 0.596941
31 29 	 10 2 	 1 0 	 0.552729
32 30 	 1 2 	 1 0 	 0.580172
32 30 	 1 3 	 1 0 	 0.417829
32 30 	 2 3 	 1 0 	 0.585615
32 31 	 6 3 	 1 0 	 0.537911
32 31 	 8 3 	 1 0 	 0.595099
