1 3 	 3 5 	 1 1 	 0.597027
1 17 	 3 13 	 1 1 	 0.557561
1 3 	 4 4 	 1 1 	 0.535911
1 3 	 4 5 	 1 1 	 0.406671
1 3 	 4 6 	 1 1 	 0.597613
1 3 	 4 8 	 1 1 	 0.533530
1 3 	 4 9 	 1 1 	 0.585109
1 3 	 4 10 	 1 1 	 0.374580
1 11 	 4 3 	 1 1 	 0.580996
1 11 	 4 4 	 1 1 	 0.507097
1 11 	 4 5 	 1 1 	 0.352745
1 17 	 4 13 	 1 1 	 0.506413
1 17 	 4 14 	 1 1 	 0.469857
1 17 	 4 15 	 1 1 	 0.539797
1 3 	 5 4 	 1 1 	 0.598943
1 3 	 5 5 	 1 1 	 0.404004
1 3 	 5 6 	 1 1 	 0.502960
1 3 	 5 7 	 1 1 	 0.559927
1 3 	 5 8 	 1 1 	 0.523590
1 3 	 5 10 	 1 1 	 0.464760
1 11 	 5 5 	 1 1 	 0.545178
1 17 	 6 13 	 1 1 	 0.572103
1 4 	 7 7 	 1 1 	 0.500659
1 4 	 7 8 	 1 1 	 0.484317
1 4 	 7 10 	 1 1 	 0.532521
1 4 	 7 11 	 1 1 	 0.407476
1 4 	 7 12 	 1 1 	 0.513258
1 4 	 7 13 	 1 1 	 0.504968
1 3 	 8 10 	 1 1 	 0.531504
1 4 	 8 7 	 1 1 	 0.547484
1 4 	 8 8 	 1 1 	 0.420156
1 4 	 8 9 	 1 1 	 0.520771
1 4 	 8 10 	 1 1 	 0.397858
1 4 	 8 11 	 1 1 	 0.506013
1 4 	 8 13 	 1 1 	 0.514258
1 4 	 8 14 	 1 1 	 0.593738
1 17 	 8 8 	 1 1 	 0.525378
1 17 	 8 10 	 1 1 	 0.444820
1 17 	 8 13 	 1 1 	 0.493631
1 17 	 8 14 	 1 1 	 0.443078
1 3 	 9 8 	 1 1 	 0.530258
1 3 	 9 9 	 1 1 	 0.379442
1 3 	 9 10 	 1 1 	 0.361162
1 4 	 9 8 	 1 1 	 0.418651
1 4 	 9 9 	 1 1 	 0.367001
1 4 	 9 10 	 1 1 	 0.376017
1 4 	 9 13 	 1 1 	 0.534188
1 4 	 9 14 	 1 1 	 0.463155
1 11 	 9 4 	 1 1 	 0.506734
1 11 	 9 5 	 1 1 	 0.556116
1 14 	 9 4 	 1 1 	 0.458845
1 17 	 9 8 	 1 1 	 0.554792
1 17 	 9 9 	 1 1 	 0.528729
1 17 	 9 10 	 1 1 	 0.358144
1 17 	 9 13 	 1 1 	 0.585537
1 17 	 9 14 	 1 1 	 0.380928
1 17 	 9 15 	 1 1 	 0.596645
1 32 	 9 1 	 1 1 	 0.525405
1 32 	 9 3 	 1 1 	 0.569191
1 32 	 9 4 	 1 1 	 0.416020
1 32 	 9 5 	 1 1 	 0.399781
1 3 	 10 8 	 1 1 	 0.439507
1 3 	 10 9 	 1 1 	 0.426619
1 3 	 10 10 	 1 1 	 0.330366
1 4 	 10 8 	 1 1 	 0.449125
1 4 	 10 9 	 1 1 	 0.520325
1 4 	 10 10 	 1 1 	 0.497153
1 4 	 10 11 	 1 1 	 0.544170
1 4 	 10 12 	 1 1 	 0.593004
1 4 	 10 13 	 1 1 	 0.408888
1 4 	 10 14 	 1 1 	 0.441349
1 4 	 10 15 	 1 1 	 0.538965
1 11 	 10 5 	 1 1 	 0.573342
1 14 	 10 4 	 1 1 	 0.572953
1 17 	 10 10 	 1 1 	 0.547689
1 17 	 10 14 	 1 1 	 0.504819
1 32 	 10 4 	 1 1 	 0.573687
1 4 	 11 6 	 1 1 	 0.594596
1 4 	 11 7 	 1 1 	 0.423406
1 4 	 11 8 	 1 1 	 0.498579
1 4 	 11 10 	 1 1 	 0.565014
1 4 	 11 11 	 1 1 	 0.348682
1 4 	 11 12 	 1 1 	 0.482448
1 4 	 11 13 	 1 1 	 0.556714
1 4 	 12 7 	 1 1 	 0.495990
1 4 	 12 11 	 1 1 	 0.477458
1 4 	 13 4 	 1 1 	 0.578883
1 4 	 13 6 	 1 1 	 0.578243
1 4 	 13 7 	 1 1 	 0.460736
1 4 	 13 8 	 1 1 	 0.536993
1 4 	 13 10 	 1 1 	 0.493767
1 4 	 13 11 	 1 1 	 0.509727
1 17 	 13 6 	 1 1 	 0.561192
1 17 	 13 7 	 1 1 	 0.534009
1 17 	 13 8 	 1 1 	 0.540589
1 4 	 14 2 	 1 1 	 0.562056
1 4 	 14 3 	 1 1 	 0.465001
1 4 	 14 4 	 1 1 	 0.367000
1 4 	 14 5 	 1 1 	 0.532869
1 4 	 14 6 	 1 1 	 0.583745
1 4 	 14 7 	 1 1 	 0.536717
1 4 	 14 8 	 1 1 	 0.585980
1 4 	 14 10 	 1 1 	 0.457341
1 17 	 14 2 	 1 1 	 0.557249
1 17 	 14 3 	 1 1 	 0.531103
1 17 	 14 4 	 1 1 	 0.564257
1 17 	 14 5 	 1 1 	 0.377351
1 17 	 14 6 	 1 1 	 0.412897
1 17 	 14 7 	 1 1 	 0.455891
1 17 	 14 8 	 1 1 	 0.419638
1 4 	 15 4 	 1 1 	 0.585891
1 17 	 15 1 	 1 1 	 0.588896
1 17 	 15 2 	 1 1 	 0.532610
1 17 	 15 3 	 1 1 	 0.581430
1 17 	 15 5 	 1 1 	 0.507110
1 17 	 15 6 	 1 1 	 0.431742
1 17 	 15 7 	 1 1 	 0.499474
1 17 	 15 8 	 1 1 	 0.562641
2 9 	 1 10 	 1 0 	 0.592344
2 9 	 1 13 	 1 0 	 0.548274
2 9 	 1 15 	 1 0 	 0.551529
2 28 	 1 14 	 1 0 	 0.583761
2 9 	 2 10 	 1 0 	 0.592742
2 9 	 2 11 	 1 0 	 0.571977
2 9 	 2 12 	 1 0 	 0.589613
2 9 	 2 13 	 1 0 	 0.526463
2 9 	 2 15 	 1 0 	 0.574229
2 18 	 3 4 	 1 1 	 0.471757
2 28 	 3 14 	 1 0 	 0.553287
2 18 	 4 4 	 1 1 	 0.441621
2 18 	 4 9 	 1 1 	 0.592464
2 28 	 4 10 	 1 1 	 0.597570
2 29 	 4 3 	 1 1 	 0.428160
2 29 	 4 4 	 1 1 	 0.429588
2 29 	 4 5 	 1 1 	 0.573701
2 9 	 4 10 	 1 0 	 0.593801
2 28 	 4 13 	 1 0 	 0.447204
2 28 	 4 14 	 1 0 	 0.364506
2 28 	 4 15 	 1 0 	 0.553423
2 18 	 5 4 	 1 1 	 0.410791
2 18 	 5 8 	 1 1 	 0.568539
2 18 	 5 9 	 1 1 	 0.455989
2 29 	 5 3 	 1 1 	 0.520624
2 29 	 5 4 	 1 1 	 0.448640
2 29 	 5 5 	 1 1 	 0.587790
2 9 	 5 10 	 1 0 	 0.584636
2 28 	 5 14 	 1 0 	 0.464947
2 9 	 6 7 	 1 1 	 0.511461
2 9 	 6 8 	 1 1 	 0.545884
2 9 	 6 9 	 1 1 	 0.596602
2 9 	 6 10 	 1 1 	 0.428495
2 9 	 6 11 	 1 1 	 0.411481
2 9 	 6 12 	 1 1 	 0.489749
2 9 	 6 13 	 1 1 	 0.446825
2 9 	 6 15 	 1 1 	 0.467103
2 28 	 6 14 	 1 1 	 0.547262
2 9 	 7 6 	 1 1 	 0.597546
2 9 	 7 7 	 1 1 	 0.416918
2 9 	 7 8 	 1 1 	 0.479493
2 9 	 7 9 	 1 1 	 0.544971
2 9 	 7 10 	 1 1 	 0.437846
2 9 	 7 11 	 1 1 	 0.347687
2 9 	 7 12 	 1 1 	 0.487790
2 9 	 7 13 	 1 1 	 0.522879
2 9 	 7 15 	 1 1 	 0.555044
2 16 	 7 6 	 1 1 	 0.580109
2 16 	 7 7 	 1 1 	 0.457224
2 16 	 7 8 	 1 1 	 0.551733
2 16 	 7 11 	 1 1 	 0.497897
2 9 	 8 7 	 1 1 	 0.505120
2 9 	 8 8 	 1 1 	 0.449510
2 9 	 8 9 	 1 1 	 0.390431
2 9 	 8 10 	 1 1 	 0.342196
2 9 	 8 11 	 1 1 	 0.512224
2 16 	 8 6 	 1 1 	 0.541822
2 16 	 8 7 	 1 1 	 0.465825
2 16 	 8 8 	 1 1 	 0.458757
2 16 	 8 9 	 1 1 	 0.550893
2 16 	 8 11 	 1 1 	 0.580315
2 28 	 8 9 	 1 1 	 0.525842
2 28 	 8 14 	 1 1 	 0.435736
2 16 	 8 2 	 1 0 	 0.547183
2 16 	 9 2 	 1 1 	 0.512594
2 16 	 9 3 	 1 1 	 0.444765
2 16 	 9 4 	 1 1 	 0.374937
2 16 	 9 5 	 1 1 	 0.486878
2 18 	 9 9 	 1 1 	 0.430034
2 18 	 9 10 	 1 1 	 0.590007
2 28 	 9 10 	 1 1 	 0.358367
2 29 	 9 4 	 1 1 	 0.396077
2 29 	 9 5 	 1 1 	 0.597289
2 9 	 9 9 	 1 0 	 0.448521
2 9 	 9 10 	 1 0 	 0.504687
2 16 	 9 6 	 1 0 	 0.580630
2 16 	 9 8 	 1 0 	 0.512893
2 16 	 9 9 	 1 0 	 0.442608
2 16 	 9 10 	 1 0 	 0.566626
2 28 	 9 6 	 1 0 	 0.587681
2 28 	 9 8 	 1 0 	 0.520963
2 28 	 9 9 	 1 0 	 0.342347
2 28 	 9 14 	 1 0 	 0.407870
2 9 	 10 8 	 1 1 	 0.547395
2 9 	 10 9 	 1 1 	 0.426795
2 9 	 10 10 	 1 1 	 0.496627
2 16 	 10 6 	 1 1 	 0.370908
2 16 	 10 7 	 1 1 	 0.386643
2 16 	 10 8 	 1 1 	 0.332142
2 16 	 10 9 	 1 1 	 0.366318
2 16 	 10 10 	 1 1 	 0.412240
2 16 	 10 11 	 1 1 	 0.562990
2 28 	 10 9 	 1 1 	 0.442676
2 28 	 10 14 	 1 1 	 0.549427
2 16 	 10 1 	 1 0 	 0.497708
2 16 	 10 2 	 1 0 	 0.346017
2 16 	 10 3 	 1 0 	 0.378361
2 16 	 10 4 	 1 0 	 0.443050
2 16 	 10 5 	 1 0 	 0.460177
2 18 	 10 9 	 1 0 	 0.510298
2 18 	 10 10 	 1 0 	 0.597480
2 28 	 10 10 	 1 0 	 0.521037
2 29 	 10 4 	 1 0 	 0.597860
2 9 	 11 6 	 1 1 	 0.588841
2 9 	 11 7 	 1 1 	 0.446459
2 9 	 11 8 	 1 1 	 0.576851
2 9 	 11 11 	 1 1 	 0.364213
2 9 	 11 12 	 1 1 	 0.488600
2 16 	 11 6 	 1 1 	 0.508273
2 16 	 11 7 	 1 1 	 0.387292
2 16 	 11 8 	 1 1 	 0.564432
2 16 	 11 11 	 1 1 	 0.384055
2 16 	 11 12 	 1 1 	 0.526881
2 16 	 11 2 	 1 0 	 0.563611
2 9 	 12 11 	 1 0 	 0.514887
2 9 	 12 12 	 1 0 	 0.579072
2 16 	 12 6 	 1 0 	 0.585739
2 16 	 12 7 	 1 0 	 0.511622
2 16 	 12 11 	 1 0 	 0.480827
2 16 	 12 12 	 1 0 	 0.558095
2 16 	 13 1 	 1 1 	 0.513696
2 16 	 13 2 	 1 1 	 0.467928
2 18 	 13 7 	 1 1 	 0.546868
2 18 	 13 11 	 1 1 	 0.560673
2 16 	 13 6 	 1 0 	 0.502858
2 16 	 13 7 	 1 0 	 0.497647
2 16 	 13 11 	 1 0 	 0.551186
2 16 	 14 1 	 1 1 	 0.588055
2 16 	 14 2 	 1 1 	 0.532257
2 16 	 14 3 	 1 1 	 0.581826
2 18 	 14 2 	 1 1 	 0.589360
2 18 	 14 3 	 1 1 	 0.571261
2 18 	 14 4 	 1 1 	 0.490613
2 18 	 14 5 	 1 1 	 0.586210
2 18 	 14 6 	 1 1 	 0.517908
2 18 	 14 7 	 1 1 	 0.383171
2 18 	 14 8 	 1 1 	 0.371958
2 18 	 14 9 	 1 1 	 0.403105
2 18 	 14 10 	 1 1 	 0.437736
2 18 	 14 11 	 1 1 	 0.485824
2 16 	 15 2 	 1 1 	 0.599951
2 18 	 15 2 	 1 1 	 0.560846
2 18 	 15 6 	 1 1 	 0.474622
2 18 	 15 7 	 1 1 	 0.325308
2 18 	 15 8 	 1 1 	 0.446840
2 18 	 15 9 	 1 1 	 0.571781
2 18 	 15 10 	 1 1 	 0.528110
2 18 	 15 11 	 1 1 	 0.374625
2 18 	 15 12 	 1 1 	 0.562022
3 10 	 3 4 	 1 1 	 0.596984
3 10 	 4 3 	 1 1 	 0.431135
3 10 	 4 4 	 1 1 	 0.317175
3 10 	 4 5 	 1 1 	 0.477377
3 11 	 4 3 	 1 1 	 0.492712
3 11 	 4 4 	 1 1 	 0.527388
3 11 	 4 5 	 1 1 	 0.389305
3 10 	 5 4 	 1 1 	 0.505504
3 11 	 5 5 	 1 1 	 0.429437
3 10 	 7 4 	 1 1 	 0.557700
3 4 	 8 13 	 1 1 	 0.592777
3 4 	 8 14 	 1 1 	 0.512341
3 4 	 8 15 	 1 1 	 0.536598
3 10 	 8 4 	 1 1 	 0.550980
3 11 	 8 5 	 1 1 	 0.590543
3 14 	 8 4 	 1 1 	 0.591494
3 14 	 8 5 	 1 1 	 0.577264
3 32 	 8 4 	 1 1 	 0.576870
3 4 	 9 9 	 1 1 	 0.581142
3 4 	 9 14 	 1 1 	 0.463678
3 4 	 9 15 	 1 1 	 0.598006
3 7 	 9 4 	 1 1 	 0.576176
3 10 	 9 4 	 1 1 	 0.490735
3 10 	 9 5 	 1 1 	 0.535658
3 10 	 9 9 	 1 1 	 0.485999
3 11 	 9 4 	 1 1 	 0.485488
3 11 	 9 5 	 1 1 	 0.541292
3 14 	 9 3 	 1 1 	 0.592933
3 14 	 9 4 	 1 1 	 0.376419
3 14 	 9 5 	 1 1 	 0.408930
3 32 	 9 1 	 1 1 	 0.574670
3 32 	 9 3 	 1 1 	 0.471523
3 32 	 9 4 	 1 1 	 0.311655
3 32 	 9 5 	 1 1 	 0.459348
3 4 	 10 14 	 1 1 	 0.559554
3 10 	 10 4 	 1 1 	 0.455617
3 10 	 10 5 	 1 1 	 0.579698
3 11 	 10 4 	 1 1 	 0.412554
3 11 	 10 5 	 1 1 	 0.380443
3 14 	 10 4 	 1 1 	 0.565060
3 17 	 10 14 	 1 1 	 0.534922
3 32 	 10 4 	 1 1 	 0.399804
3 32 	 10 5 	 1 1 	 0.552720
3 10 	 11 4 	 1 1 	 0.555324
3 10 	 11 5 	 1 1 	 0.524972
3 10 	 13 5 	 1 1 	 0.551683
3 14 	 13 5 	 1 1 	 0.508541
3 7 	 14 3 	 1 1 	 0.473112
3 7 	 14 4 	 1 1 	 0.416186
3 7 	 14 5 	 1 1 	 0.577492
3 10 	 14 4 	 1 1 	 0.517495
3 10 	 14 5 	 1 1 	 0.413833
3 10 	 14 9 	 1 1 	 0.391228
3 14 	 14 3 	 1 1 	 0.596206
3 14 	 14 4 	 1 1 	 0.489517
3 14 	 14 5 	 1 1 	 0.360366
3 32 	 14 3 	 1 1 	 0.532509
3 32 	 14 4 	 1 1 	 0.490401
3 7 	 15 2 	 1 1 	 0.597562
3 7 	 15 3 	 1 1 	 0.491692
3 7 	 15 4 	 1 1 	 0.549353
3 10 	 15 3 	 1 1 	 0.559316
3 10 	 15 4 	 1 1 	 0.545486
3 10 	 15 5 	 1 1 	 0.377081
3 10 	 15 9 	 1 1 	 0.489919
3 14 	 15 5 	 1 1 	 0.549103
4 14 	 3 10 	 1 1 	 0.547274
4 14 	 3 14 	 1 1 	 0.503601
4 27 	 3 3 	 1 1 	 0.540491
4 27 	 3 4 	 1 1 	 0.569508
4 27 	 3 5 	 1 1 	 0.566783
4 14 	 4 9 	 1 1 	 0.476799
4 14 	 4 10 	 1 1 	 0.461747
4 14 	 4 14 	 1 1 	 0.584920
4 17 	 4 4 	 1 1 	 0.510126
4 17 	 4 5 	 1 1 	 0.416371
4 17 	 4 8 	 1 1 	 0.472154
4 17 	 4 9 	 1 1 	 0.474334
4 17 	 4 10 	 1 1 	 0.563750
4 27 	 4 3 	 1 1 	 0.408443
4 27 	 4 4 	 1 1 	 0.356861
4 27 	 4 5 	 1 1 	 0.454645
4 27 	 4 10 	 1 1 	 0.544637
4 14 	 5 8 	 1 1 	 0.451620
4 14 	 5 9 	 1 1 	 0.430155
4 14 	 5 10 	 1 1 	 0.346754
4 14 	 5 14 	 1 1 	 0.444685
4 17 	 5 9 	 1 1 	 0.581678
4 27 	 5 3 	 1 1 	 0.531010
4 27 	 5 4 	 1 1 	 0.434170
4 27 	 5 5 	 1 1 	 0.480883
4 14 	 8 4 	 1 1 	 0.524509
4 17 	 8 10 	 1 1 	 0.553088
4 14 	 9 3 	 1 1 	 0.545010
4 14 	 9 4 	 1 1 	 0.359011
4 14 	 9 5 	 1 1 	 0.576033
4 14 	 9 8 	 1 1 	 0.419459
4 14 	 9 9 	 1 1 	 0.403053
4 14 	 9 10 	 1 1 	 0.490276
4 17 	 9 8 	 1 1 	 0.544198
4 17 	 9 9 	 1 1 	 0.429632
4 17 	 9 10 	 1 1 	 0.415693
4 27 	 9 4 	 1 1 	 0.583590
4 32 	 9 1 	 1 1 	 0.363799
4 32 	 9 2 	 1 1 	 0.477303
4 32 	 9 3 	 1 1 	 0.548392
4 32 	 9 4 	 1 1 	 0.585219
4 32 	 9 5 	 1 1 	 0.452240
4 14 	 10 4 	 1 1 	 0.563633
4 14 	 10 9 	 1 1 	 0.529525
4 17 	 10 7 	 1 1 	 0.591155
4 17 	 10 8 	 1 1 	 0.390816
4 17 	 10 9 	 1 1 	 0.405030
4 17 	 10 10 	 1 1 	 0.346511
4 17 	 10 14 	 1 1 	 0.587790
4 27 	 10 4 	 1 1 	 0.594507
4 32 	 10 1 	 1 1 	 0.537689
4 32 	 10 5 	 1 1 	 0.558931
4 14 	 14 2 	 1 1 	 0.581108
4 14 	 14 3 	 1 1 	 0.375663
4 14 	 14 4 	 1 1 	 0.338517
4 14 	 14 5 	 1 1 	 0.422749
4 14 	 15 3 	 1 1 	 0.495763
4 14 	 15 4 	 1 1 	 0.539781
4 14 	 15 5 	 1 1 	 0.560731
5 15 	 1 15 	 1 1 	 0.569839
5 29 	 1 15 	 1 1 	 0.513195
5 15 	 2 15 	 1 1 	 0.442566
5 29 	 2 15 	 1 1 	 0.442959
5 29 	 2 14 	 1 0 	 0.585194
5 15 	 3 14 	 1 1 	 0.574663
5 15 	 3 15 	 1 1 	 0.450478
5 20 	 3 13 	 1 1 	 0.591447
5 20 	 3 14 	 1 1 	 0.491351
5 29 	 3 10 	 1 1 	 0.547763
5 29 	 3 13 	 1 1 	 0.591033
5 29 	 3 15 	 1 1 	 0.399582
5 31 	 3 13 	 1 1 	 0.572887
5 31 	 3 14 	 1 1 	 0.424342
5 20 	 3 15 	 1 0 	 0.569268
5 29 	 3 9 	 1 0 	 0.560837
5 29 	 3 14 	 1 0 	 0.570430
5 15 	 4 14 	 1 1 	 0.416599
5 15 	 4 15 	 1 1 	 0.412661
5 20 	 4 13 	 1 1 	 0.580917
5 20 	 4 14 	 1 1 	 0.526609
5 29 	 4 10 	 1 1 	 0.436253
5 29 	 4 15 	 1 1 	 0.516702
5 31 	 4 14 	 1 1 	 0.433877
5 8 	 4 3 	 1 0 	 0.579420
5 8 	 4 4 	 1 0 	 0.451428
5 20 	 4 8 	 1 0 	 0.598541
5 20 	 4 9 	 1 0 	 0.527712
5 20 	 4 10 	 1 0 	 0.388331
5 20 	 4 15 	 1 0 	 0.487378
5 29 	 4 8 	 1 0 	 0.591866
5 29 	 4 9 	 1 0 	 0.365753
5 31 	 4 10 	 1 0 	 0.536926
5 28 	 4 1 	 1 0 	 0.529228
5 15 	 5 14 	 1 1 	 0.440692
5 15 	 5 15 	 1 1 	 0.353648
5 20 	 5 13 	 1 1 	 0.428880
5 20 	 5 14 	 1 1 	 0.439187
5 31 	 5 14 	 1 1 	 0.498047
5 8 	 5 3 	 1 0 	 0.529970
5 8 	 5 4 	 1 0 	 0.519467
5 20 	 5 10 	 1 0 	 0.490309
5 20 	 5 11 	 1 0 	 0.568328
5 20 	 5 15 	 1 0 	 0.430409
5 29 	 5 9 	 1 0 	 0.564933
5 15 	 5 13 	 1 0 	 0.585970
5 15 	 6 14 	 1 1 	 0.586675
5 15 	 6 15 	 1 1 	 0.427973
5 29 	 6 13 	 1 1 	 0.568490
5 29 	 6 15 	 1 1 	 0.328349
5 15 	 6 11 	 1 0 	 0.596611
5 29 	 6 14 	 1 0 	 0.411625
5 15 	 7 14 	 1 1 	 0.474852
5 15 	 7 15 	 1 1 	 0.362284
5 29 	 7 15 	 1 1 	 0.418901
5 15 	 7 7 	 1 0 	 0.522852
5 15 	 7 8 	 1 0 	 0.570642
5 15 	 7 10 	 1 0 	 0.555713
5 15 	 7 11 	 1 0 	 0.410068
5 15 	 7 12 	 1 0 	 0.494683
5 15 	 7 13 	 1 0 	 0.490046
5 29 	 7 14 	 1 0 	 0.391554
5 15 	 8 7 	 1 1 	 0.498226
5 15 	 8 8 	 1 1 	 0.429760
5 15 	 8 9 	 1 1 	 0.545009
5 15 	 8 10 	 1 1 	 0.348023
5 15 	 8 11 	 1 1 	 0.461877
5 15 	 8 13 	 1 1 	 0.514946
5 29 	 8 14 	 1 1 	 0.406588
5 30 	 8 14 	 1 1 	 0.460375
5 28 	 8 1 	 1 0 	 0.552985
5 15 	 8 14 	 1 0 	 0.377325
5 15 	 8 15 	 1 0 	 0.394780
5 29 	 8 10 	 1 0 	 0.555456
5 29 	 8 13 	 1 0 	 0.582541
5 29 	 8 15 	 1 0 	 0.467151
5 15 	 9 8 	 1 1 	 0.519441
5 15 	 9 9 	 1 1 	 0.507171
5 15 	 9 10 	 1 1 	 0.394534
5 29 	 9 14 	 1 1 	 0.577237
5 30 	 9 14 	 1 1 	 0.505559
5 30 	 9 15 	 1 1 	 0.588999
5 8 	 9 8 	 1 0 	 0.567278
5 8 	 9 9 	 1 0 	 0.452446
5 8 	 9 10 	 1 0 	 0.589964
5 28 	 9 1 	 1 0 	 0.323658
5 28 	 9 2 	 1 0 	 0.437956
5 28 	 9 3 	 1 0 	 0.458768
5 28 	 9 4 	 1 0 	 0.447086
5 28 	 9 5 	 1 0 	 0.352652
5 28 	 9 6 	 1 0 	 0.595193
5 15 	 9 14 	 1 0 	 0.399337
5 15 	 9 15 	 1 0 	 0.515844
5 29 	 9 10 	 1 0 	 0.433504
5 29 	 9 15 	 1 0 	 0.593853
5 8 	 9 4 	 1 0 	 0.454704
5 20 	 9 9 	 1 0 	 0.525433
5 20 	 9 10 	 1 0 	 0.530486
5 29 	 9 9 	 1 0 	 0.407194
5 15 	 10 8 	 1 1 	 0.568631
5 15 	 10 9 	 1 1 	 0.560862
5 15 	 10 10 	 1 1 	 0.389642
5 29 	 10 14 	 1 1 	 0.384303
5 30 	 10 13 	 1 1 	 0.512810
5 30 	 10 14 	 1 1 	 0.321531
5 30 	 10 15 	 1 1 	 0.443177
5 28 	 10 1 	 1 0 	 0.339111
5 28 	 10 2 	 1 0 	 0.391303
5 28 	 10 3 	 1 0 	 0.470483
5 28 	 10 4 	 1 0 	 0.525276
5 28 	 10 5 	 1 0 	 0.476319
5 28 	 10 6 	 1 0 	 0.525027
5 28 	 10 8 	 1 0 	 0.569809
5 15 	 10 14 	 1 0 	 0.541553
5 15 	 10 15 	 1 0 	 0.597982
5 29 	 10 10 	 1 0 	 0.373662
5 29 	 10 13 	 1 0 	 0.456935
5 29 	 10 15 	 1 0 	 0.450042
5 29 	 10 9 	 1 0 	 0.460343
5 15 	 11 6 	 1 1 	 0.561909
5 15 	 11 7 	 1 1 	 0.420717
5 15 	 11 8 	 1 1 	 0.522249
5 15 	 11 10 	 1 1 	 0.518264
5 15 	 11 11 	 1 1 	 0.347560
5 15 	 11 12 	 1 1 	 0.478007
5 15 	 11 13 	 1 1 	 0.541248
5 29 	 11 14 	 1 1 	 0.429334
5 30 	 11 14 	 1 1 	 0.595155
5 15 	 11 14 	 1 0 	 0.576752
5 15 	 11 15 	 1 0 	 0.496402
5 29 	 11 15 	 1 0 	 0.536819
5 15 	 12 6 	 1 1 	 0.593083
5 15 	 12 7 	 1 1 	 0.522330
5 15 	 12 11 	 1 1 	 0.499750
5 29 	 12 14 	 1 1 	 0.454196
5 30 	 12 14 	 1 1 	 0.597650
5 15 	 13 4 	 1 1 	 0.581523
5 15 	 13 6 	 1 1 	 0.589873
5 15 	 13 7 	 1 1 	 0.533540
5 15 	 13 8 	 1 1 	 0.567033
5 15 	 13 10 	 1 1 	 0.455941
5 15 	 13 11 	 1 1 	 0.571158
5 29 	 13 14 	 1 1 	 0.391814
5 30 	 13 13 	 1 1 	 0.583866
5 30 	 13 14 	 1 1 	 0.373528
5 30 	 13 15 	 1 1 	 0.591108
5 29 	 13 15 	 1 0 	 0.595650
5 15 	 14 3 	 1 1 	 0.578559
5 15 	 14 4 	 1 1 	 0.406572
5 15 	 14 5 	 1 1 	 0.573915
5 15 	 14 9 	 1 1 	 0.584979
5 15 	 14 10 	 1 1 	 0.455414
5 23 	 14 5 	 1 1 	 0.529350
5 23 	 14 6 	 1 1 	 0.509334
5 23 	 14 7 	 1 1 	 0.555572
5 23 	 14 8 	 1 1 	 0.418586
5 23 	 14 9 	 1 1 	 0.533784
5 23 	 14 10 	 1 1 	 0.415106
5 30 	 14 13 	 1 1 	 0.538321
5 30 	 14 14 	 1 1 	 0.342767
5 30 	 14 15 	 1 1 	 0.485186
5 15 	 15 2 	 1 1 	 0.493150
5 15 	 15 3 	 1 1 	 0.441765
5 15 	 15 4 	 1 1 	 0.344704
5 15 	 15 5 	 1 1 	 0.434191
5 15 	 15 6 	 1 1 	 0.415370
5 15 	 15 7 	 1 1 	 0.418690
5 15 	 15 8 	 1 1 	 0.425735
5 15 	 15 9 	 1 1 	 0.489828
5 15 	 15 10 	 1 1 	 0.341497
5 15 	 15 11 	 1 1 	 0.535192
5 23 	 15 8 	 1 1 	 0.585286
5 23 	 15 10 	 1 1 	 0.489793
5 30 	 15 14 	 1 1 	 0.433591
5 29 	 16 14 	 1 1 	 0.549496
6 10 	 2 12 	 1 1 	 0.589954
6 10 	 2 13 	 1 1 	 0.568623
6 10 	 2 14 	 1 1 	 0.536971
6 10 	 3 14 	 1 1 	 0.463286
6 12 	 3 4 	 1 1 	 0.556626
6 12 	 3 5 	 1 1 	 0.527219
6 19 	 3 5 	 1 1 	 0.556340
6 7 	 4 14 	 1 1 	 0.578616
6 7 	 4 15 	 1 1 	 0.553637
6 10 	 4 13 	 1 1 	 0.586062
6 10 	 4 14 	 1 1 	 0.349143
6 10 	 4 15 	 1 1 	 0.570233
6 12 	 4 3 	 1 1 	 0.514280
6 12 	 4 4 	 1 1 	 0.346647
6 12 	 4 5 	 1 1 	 0.348042
6 12 	 4 8 	 1 1 	 0.572987
6 12 	 4 9 	 1 1 	 0.372126
6 12 	 4 10 	 1 1 	 0.527314
6 19 	 4 3 	 1 1 	 0.544368
6 19 	 4 4 	 1 1 	 0.445907
6 19 	 4 5 	 1 1 	 0.378295
6 10 	 5 14 	 1 1 	 0.499657
6 11 	 5 14 	 1 1 	 0.584350
6 12 	 5 4 	 1 1 	 0.453592
6 12 	 5 5 	 1 1 	 0.520595
6 12 	 5 9 	 1 1 	 0.569828
6 19 	 5 2 	 1 1 	 0.576636
6 19 	 5 3 	 1 1 	 0.512393
6 19 	 5 4 	 1 1 	 0.490478
6 19 	 5 5 	 1 1 	 0.321989
6 10 	 6 11 	 1 1 	 0.548660
6 10 	 6 12 	 1 1 	 0.548301
6 10 	 6 13 	 1 1 	 0.483100
6 10 	 6 14 	 1 1 	 0.475767
6 10 	 7 7 	 1 1 	 0.537927
6 10 	 7 8 	 1 1 	 0.571954
6 10 	 7 10 	 1 1 	 0.598399
6 10 	 7 11 	 1 1 	 0.421205
6 10 	 7 12 	 1 1 	 0.498973
6 10 	 7 13 	 1 1 	 0.448254
6 10 	 7 14 	 1 1 	 0.535782
6 7 	 8 9 	 1 1 	 0.558065
6 10 	 8 8 	 1 1 	 0.554532
6 10 	 8 10 	 1 1 	 0.482334
6 10 	 8 11 	 1 1 	 0.534817
6 10 	 8 13 	 1 1 	 0.447693
6 10 	 8 14 	 1 1 	 0.441836
6 11 	 8 8 	 1 1 	 0.554601
6 11 	 8 9 	 1 1 	 0.578654
6 11 	 8 10 	 1 1 	 0.542875
6 11 	 8 13 	 1 1 	 0.589595
6 11 	 8 14 	 1 1 	 0.519223
6 19 	 8 4 	 1 1 	 0.570161
6 19 	 8 5 	 1 1 	 0.470898
6 19 	 8 9 	 1 1 	 0.569754
6 7 	 9 8 	 1 1 	 0.599364
6 7 	 9 9 	 1 1 	 0.333062
6 7 	 9 10 	 1 1 	 0.441682
6 10 	 9 8 	 1 1 	 0.542122
6 10 	 9 9 	 1 1 	 0.574256
6 10 	 9 10 	 1 1 	 0.384762
6 10 	 9 13 	 1 1 	 0.474615
6 10 	 9 14 	 1 1 	 0.397463
6 10 	 9 15 	 1 1 	 0.545683
6 11 	 9 9 	 1 1 	 0.498892
6 11 	 9 10 	 1 1 	 0.517595
6 12 	 9 9 	 1 1 	 0.463875
6 19 	 9 4 	 1 1 	 0.434070
6 19 	 9 5 	 1 1 	 0.457284
6 19 	 9 8 	 1 1 	 0.599444
6 19 	 9 9 	 1 1 	 0.380907
6 19 	 9 10 	 1 1 	 0.581491
6 32 	 9 3 	 1 1 	 0.535278
6 32 	 9 5 	 1 1 	 0.587181
6 32 	 9 9 	 1 1 	 0.417023
6 32 	 9 10 	 1 1 	 0.476187
6 7 	 10 9 	 1 1 	 0.455190
6 10 	 10 8 	 1 1 	 0.476378
6 10 	 10 9 	 1 1 	 0.523234
6 10 	 10 10 	 1 1 	 0.305375
6 10 	 10 11 	 1 1 	 0.594973
6 10 	 10 13 	 1 1 	 0.528646
6 10 	 10 14 	 1 1 	 0.553495
6 11 	 10 4 	 1 1 	 0.556933
6 11 	 10 8 	 1 1 	 0.417780
6 11 	 10 9 	 1 1 	 0.351899
6 11 	 10 10 	 1 1 	 0.388449
6 11 	 10 14 	 1 1 	 0.515974
6 19 	 10 4 	 1 1 	 0.569313
6 19 	 10 5 	 1 1 	 0.544240
6 19 	 10 9 	 1 1 	 0.432516
6 19 	 10 10 	 1 1 	 0.569803
6 32 	 10 3 	 1 1 	 0.548141
6 32 	 10 4 	 1 1 	 0.532629
6 32 	 10 5 	 1 1 	 0.539665
6 32 	 10 9 	 1 1 	 0.535713
6 10 	 11 6 	 1 1 	 0.591643
6 10 	 11 7 	 1 1 	 0.420406
6 10 	 11 8 	 1 1 	 0.529546
6 10 	 11 11 	 1 1 	 0.340044
6 10 	 11 12 	 1 1 	 0.474230
6 10 	 11 13 	 1 1 	 0.499139
6 10 	 12 6 	 1 1 	 0.586120
6 10 	 12 7 	 1 1 	 0.476958
6 10 	 12 11 	 1 1 	 0.456202
6 10 	 13 6 	 1 1 	 0.583515
6 10 	 13 7 	 1 1 	 0.470393
6 10 	 13 8 	 1 1 	 0.577756
6 10 	 13 11 	 1 1 	 0.508436
6 11 	 13 3 	 1 1 	 0.532617
6 11 	 13 7 	 1 1 	 0.575982
6 11 	 13 8 	 1 1 	 0.516087
6 11 	 13 11 	 1 1 	 0.489974
6 10 	 14 3 	 1 1 	 0.594582
6 10 	 14 4 	 1 1 	 0.465971
6 10 	 14 5 	 1 1 	 0.562798
6 10 	 14 6 	 1 1 	 0.573551
6 10 	 14 7 	 1 1 	 0.447729
6 10 	 14 8 	 1 1 	 0.425118
6 10 	 14 9 	 1 1 	 0.523245
6 10 	 14 10 	 1 1 	 0.368341
6 10 	 14 11 	 1 1 	 0.523368
6 11 	 14 2 	 1 1 	 0.591807
6 11 	 14 3 	 1 1 	 0.396502
6 11 	 14 4 	 1 1 	 0.415337
6 11 	 14 5 	 1 1 	 0.554895
6 11 	 14 6 	 1 1 	 0.566996
6 11 	 14 7 	 1 1 	 0.518716
6 11 	 14 8 	 1 1 	 0.371636
6 11 	 14 9 	 1 1 	 0.442891
6 11 	 14 10 	 1 1 	 0.530000
6 11 	 14 11 	 1 1 	 0.521956
6 32 	 14 4 	 1 1 	 0.545550
6 10 	 15 1 	 1 1 	 0.582541
6 10 	 15 2 	 1 1 	 0.445515
6 10 	 15 3 	 1 1 	 0.444473
6 10 	 15 4 	 1 1 	 0.421090
6 10 	 15 5 	 1 1 	 0.493852
6 10 	 15 6 	 1 1 	 0.410459
6 10 	 15 7 	 1 1 	 0.341551
6 10 	 15 8 	 1 1 	 0.430280
6 10 	 15 9 	 1 1 	 0.583929
6 10 	 15 10 	 1 1 	 0.488257
6 10 	 15 11 	 1 1 	 0.467412
6 11 	 15 3 	 1 1 	 0.439588
6 11 	 15 4 	 1 1 	 0.534263
6 11 	 15 8 	 1 1 	 0.559258
7 10 	 3 9 	 1 1 	 0.535186
7 14 	 3 5 	 1 1 	 0.513750
7 10 	 4 9 	 1 1 	 0.383932
7 10 	 4 10 	 1 1 	 0.535027
7 14 	 4 3 	 1 1 	 0.556339
7 14 	 4 4 	 1 1 	 0.470213
7 14 	 4 5 	 1 1 	 0.374245
7 14 	 4 6 	 1 1 	 0.538507
7 32 	 4 1 	 1 1 	 0.520201
7 32 	 4 2 	 1 1 	 0.394336
7 32 	 4 3 	 1 1 	 0.358096
7 32 	 4 4 	 1 1 	 0.546895
7 32 	 4 5 	 1 1 	 0.592903
7 32 	 4 6 	 1 1 	 0.453169
7 32 	 4 7 	 1 1 	 0.538414
7 32 	 4 8 	 1 1 	 0.440778
7 32 	 4 11 	 1 1 	 0.535527
7 32 	 4 15 	 1 1 	 0.587328
7 10 	 5 9 	 1 1 	 0.588410
7 14 	 5 2 	 1 1 	 0.544252
7 14 	 5 3 	 1 1 	 0.578858
7 14 	 5 4 	 1 1 	 0.591738
7 14 	 5 5 	 1 1 	 0.468074
7 14 	 5 6 	 1 1 	 0.472988
7 32 	 5 2 	 1 1 	 0.502238
7 32 	 5 3 	 1 1 	 0.542751
7 32 	 5 6 	 1 1 	 0.483208
7 32 	 5 7 	 1 1 	 0.474597
7 32 	 5 8 	 1 1 	 0.475888
7 32 	 5 11 	 1 1 	 0.399821
7 32 	 5 12 	 1 1 	 0.478854
7 32 	 5 13 	 1 1 	 0.548089
7 32 	 5 14 	 1 1 	 0.573259
7 32 	 5 15 	 1 1 	 0.443716
7 32 	 6 15 	 1 1 	 0.517429
7 10 	 7 13 	 1 1 	 0.561274
7 10 	 7 15 	 1 1 	 0.420464
7 32 	 7 14 	 1 1 	 0.597935
7 32 	 7 15 	 1 1 	 0.465951
7 10 	 8 8 	 1 1 	 0.564600
7 10 	 8 9 	 1 1 	 0.519839
7 10 	 8 10 	 1 1 	 0.556355
7 10 	 8 13 	 1 1 	 0.515168
7 10 	 8 14 	 1 1 	 0.519016
7 10 	 8 15 	 1 1 	 0.406708
7 32 	 8 2 	 1 1 	 0.597004
7 32 	 8 3 	 1 1 	 0.562240
7 32 	 8 6 	 1 1 	 0.548781
7 32 	 8 7 	 1 1 	 0.591360
7 32 	 8 8 	 1 1 	 0.488379
7 32 	 8 10 	 1 1 	 0.525305
7 32 	 8 14 	 1 1 	 0.472223
7 32 	 8 15 	 1 1 	 0.407079
7 10 	 9 8 	 1 1 	 0.462634
7 10 	 9 9 	 1 1 	 0.406689
7 10 	 9 10 	 1 1 	 0.347347
7 10 	 9 13 	 1 1 	 0.453922
7 10 	 9 14 	 1 1 	 0.433473
7 10 	 9 15 	 1 1 	 0.443493
7 12 	 9 9 	 1 1 	 0.523112
7 19 	 9 9 	 1 1 	 0.579020
7 32 	 9 1 	 1 1 	 0.561111
7 32 	 9 2 	 1 1 	 0.473980
7 32 	 9 3 	 1 1 	 0.384402
7 32 	 9 4 	 1 1 	 0.575700
7 32 	 9 5 	 1 1 	 0.568575
7 32 	 9 6 	 1 1 	 0.475043
7 32 	 9 8 	 1 1 	 0.407947
7 32 	 9 9 	 1 1 	 0.398781
7 32 	 9 10 	 1 1 	 0.385881
7 32 	 9 14 	 1 1 	 0.559755
7 32 	 9 15 	 1 1 	 0.598015
7 10 	 10 10 	 1 1 	 0.561470
7 10 	 10 13 	 1 1 	 0.492573
7 10 	 10 14 	 1 1 	 0.371422
7 10 	 10 15 	 1 1 	 0.368995
7 12 	 10 8 	 1 1 	 0.599989
7 12 	 10 9 	 1 1 	 0.401879
7 12 	 10 10 	 1 1 	 0.577118
7 12 	 10 14 	 1 1 	 0.596653
7 32 	 10 2 	 1 1 	 0.582896
7 32 	 10 3 	 1 1 	 0.565565
7 32 	 10 6 	 1 1 	 0.503374
7 32 	 10 7 	 1 1 	 0.568750
7 32 	 10 8 	 1 1 	 0.427638
7 32 	 10 9 	 1 1 	 0.476364
7 32 	 10 10 	 1 1 	 0.348891
7 32 	 10 14 	 1 1 	 0.393473
7 32 	 10 15 	 1 1 	 0.451242
7 10 	 11 13 	 1 1 	 0.538106
7 10 	 11 14 	 1 1 	 0.532783
7 10 	 11 15 	 1 1 	 0.337892
7 32 	 11 15 	 1 1 	 0.513690
7 10 	 12 15 	 1 1 	 0.460696
7 32 	 12 15 	 1 1 	 0.574203
7 10 	 13 14 	 1 1 	 0.565064
7 10 	 13 15 	 1 1 	 0.470228
7 32 	 13 14 	 1 1 	 0.514838
7 32 	 13 15 	 1 1 	 0.495849
7 10 	 14 14 	 1 1 	 0.443952
7 10 	 14 15 	 1 1 	 0.466641
7 12 	 14 5 	 1 1 	 0.511724
7 12 	 14 7 	 1 1 	 0.577793
7 12 	 14 8 	 1 1 	 0.372288
7 12 	 14 9 	 1 1 	 0.349334
7 12 	 14 10 	 1 1 	 0.496967
7 12 	 14 13 	 1 1 	 0.542489
7 12 	 14 14 	 1 1 	 0.506725
7 32 	 14 10 	 1 1 	 0.517488
7 32 	 14 14 	 1 1 	 0.393997
7 32 	 14 15 	 1 1 	 0.498468
7 10 	 15 13 	 1 1 	 0.553947
7 10 	 15 14 	 1 1 	 0.353849
7 10 	 15 15 	 1 1 	 0.331898
7 12 	 15 5 	 1 1 	 0.547197
7 12 	 15 8 	 1 1 	 0.540435
7 12 	 15 9 	 1 1 	 0.475792
7 32 	 15 14 	 1 1 	 0.585706
8 22 	 1 15 	 1 0 	 0.562000
8 22 	 2 15 	 1 0 	 0.428274
8 20 	 2 11 	 1 0 	 0.577695
8 15 	 2 14 	 1 0 	 0.545811
8 22 	 2 14 	 1 0 	 0.599404
8 15 	 2 13 	 1 0 	 0.589358
8 20 	 3 7 	 1 1 	 0.455608
8 20 	 3 8 	 1 1 	 0.520318
8 20 	 3 9 	 1 1 	 0.584919
8 20 	 3 10 	 1 1 	 0.553094
8 20 	 3 11 	 1 1 	 0.443510
8 5 	 3 4 	 1 0 	 0.579420
8 5 	 3 5 	 1 0 	 0.529970
8 15 	 3 14 	 1 0 	 0.428362
8 15 	 3 15 	 1 0 	 0.527059
8 20 	 3 13 	 1 0 	 0.596661
8 22 	 3 14 	 1 0 	 0.562458
8 15 	 3 13 	 1 0 	 0.571896
8 22 	 3 15 	 1 0 	 0.455811
8 13 	 4 5 	 1 1 	 0.500398
8 20 	 4 7 	 1 1 	 0.495974
8 20 	 4 8 	 1 1 	 0.419378
8 20 	 4 9 	 1 1 	 0.345990
8 20 	 4 10 	 1 1 	 0.377073
8 20 	 4 11 	 1 1 	 0.563761
8 29 	 4 9 	 1 1 	 0.590952
8 5 	 4 4 	 1 0 	 0.451428
8 5 	 4 5 	 1 0 	 0.519467
8 15 	 4 14 	 1 0 	 0.384734
8 15 	 4 15 	 1 0 	 0.546695
8 13 	 4 9 	 1 0 	 0.509255
8 22 	 4 14 	 1 0 	 0.479039
8 28 	 4 5 	 1 0 	 0.532791
8 5 	 4 9 	 1 0 	 0.454704
8 22 	 4 15 	 1 0 	 0.494597
8 13 	 5 3 	 1 1 	 0.568932
8 13 	 5 4 	 1 1 	 0.519412
8 13 	 5 5 	 1 1 	 0.358202
8 20 	 5 6 	 1 1 	 0.486246
8 20 	 5 7 	 1 1 	 0.396768
8 20 	 5 8 	 1 1 	 0.382300
8 20 	 5 9 	 1 1 	 0.420060
8 20 	 5 10 	 1 1 	 0.470193
8 20 	 5 11 	 1 1 	 0.490105
8 15 	 5 14 	 1 0 	 0.556778
8 13 	 5 9 	 1 0 	 0.550393
8 22 	 5 14 	 1 0 	 0.406030
8 22 	 5 13 	 1 0 	 0.587573
8 22 	 5 15 	 1 0 	 0.354988
8 22 	 6 11 	 1 0 	 0.587963
8 22 	 6 13 	 1 0 	 0.592562
8 22 	 6 15 	 1 0 	 0.411342
8 15 	 6 14 	 1 0 	 0.449540
8 15 	 6 15 	 1 0 	 0.567631
8 15 	 6 13 	 1 0 	 0.475324
8 22 	 6 14 	 1 0 	 0.539317
8 22 	 7 7 	 1 1 	 0.505409
8 22 	 7 11 	 1 1 	 0.400527
8 22 	 7 12 	 1 1 	 0.493969
8 22 	 7 13 	 1 1 	 0.479005
8 22 	 7 15 	 1 1 	 0.369909
8 22 	 7 14 	 1 0 	 0.448698
8 15 	 7 13 	 1 0 	 0.555315
8 15 	 7 14 	 1 0 	 0.523946
8 22 	 8 8 	 1 1 	 0.582218
8 22 	 8 9 	 1 1 	 0.547939
8 22 	 8 10 	 1 1 	 0.599371
8 22 	 8 14 	 1 1 	 0.404067
8 5 	 8 9 	 1 0 	 0.567278
8 15 	 8 8 	 1 0 	 0.475748
8 15 	 8 9 	 1 0 	 0.539866
8 15 	 8 10 	 1 0 	 0.592461
8 15 	 8 13 	 1 0 	 0.495274
8 15 	 8 14 	 1 0 	 0.356264
8 15 	 8 15 	 1 0 	 0.559549
8 22 	 8 7 	 1 0 	 0.566752
8 22 	 8 11 	 1 0 	 0.516365
8 22 	 8 13 	 1 0 	 0.570980
8 22 	 8 15 	 1 0 	 0.422035
8 13 	 9 8 	 1 1 	 0.506704
8 13 	 9 9 	 1 1 	 0.376725
8 13 	 9 10 	 1 1 	 0.578371
8 22 	 9 8 	 1 1 	 0.489846
8 22 	 9 9 	 1 1 	 0.329563
8 22 	 9 10 	 1 1 	 0.468450
8 22 	 9 14 	 1 1 	 0.377180
8 24 	 9 10 	 1 1 	 0.595763
8 28 	 9 4 	 1 1 	 0.392945
8 28 	 9 5 	 1 1 	 0.380928
8 5 	 9 9 	 1 0 	 0.452446
8 15 	 9 8 	 1 0 	 0.517020
8 15 	 9 9 	 1 0 	 0.425949
8 15 	 9 10 	 1 0 	 0.516141
8 20 	 9 9 	 1 0 	 0.531677
8 15 	 9 14 	 1 0 	 0.482478
8 22 	 9 15 	 1 0 	 0.521806
8 13 	 10 9 	 1 1 	 0.563818
8 22 	 10 8 	 1 1 	 0.383784
8 22 	 10 9 	 1 1 	 0.333954
8 22 	 10 10 	 1 1 	 0.355356
8 22 	 10 14 	 1 1 	 0.421284
8 28 	 10 4 	 1 1 	 0.500645
8 28 	 10 5 	 1 1 	 0.566068
8 5 	 10 9 	 1 0 	 0.589964
8 15 	 10 8 	 1 0 	 0.424662
8 15 	 10 9 	 1 0 	 0.371350
8 15 	 10 10 	 1 0 	 0.506660
8 15 	 10 14 	 1 0 	 0.516353
8 22 	 10 7 	 1 0 	 0.446527
8 22 	 10 11 	 1 0 	 0.483236
8 22 	 10 15 	 1 0 	 0.537252
8 22 	 11 6 	 1 0 	 0.540683
8 22 	 11 7 	 1 0 	 0.411137
8 22 	 11 11 	 1 0 	 0.361364
8 22 	 11 12 	 1 0 	 0.499520
8 22 	 11 13 	 1 0 	 0.546921
8 22 	 11 15 	 1 0 	 0.518950
8 22 	 11 8 	 1 0 	 0.584681
8 22 	 11 14 	 1 0 	 0.558620
8 22 	 12 6 	 1 0 	 0.573630
8 22 	 12 7 	 1 0 	 0.520445
8 22 	 12 11 	 1 0 	 0.516281
8 22 	 13 4 	 1 1 	 0.591873
8 22 	 13 6 	 1 0 	 0.576521
8 22 	 13 7 	 1 0 	 0.539823
8 15 	 13 5 	 1 0 	 0.492331
8 15 	 13 6 	 1 0 	 0.483745
8 15 	 13 7 	 1 0 	 0.485555
8 15 	 13 8 	 1 0 	 0.444627
8 15 	 13 9 	 1 0 	 0.574834
8 15 	 13 11 	 1 0 	 0.592843
8 26 	 13 4 	 1 0 	 0.580845
8 22 	 13 10 	 1 0 	 0.597941
8 15 	 14 3 	 1 1 	 0.583441
8 15 	 14 4 	 1 1 	 0.534402
8 15 	 14 5 	 1 1 	 0.359551
8 15 	 14 6 	 1 1 	 0.494792
8 15 	 14 7 	 1 1 	 0.502834
8 15 	 14 8 	 1 1 	 0.342796
8 15 	 14 9 	 1 1 	 0.326270
8 15 	 14 10 	 1 1 	 0.479010
8 26 	 14 4 	 1 1 	 0.365850
8 26 	 14 5 	 1 1 	 0.544310
8 22 	 14 8 	 1 0 	 0.485137
8 22 	 14 9 	 1 0 	 0.491417
8 22 	 14 10 	 1 0 	 0.351198
8 26 	 14 9 	 1 0 	 0.499828
8 22 	 14 4 	 1 0 	 0.502229
8 22 	 14 5 	 1 0 	 0.534725
8 22 	 14 6 	 1 0 	 0.554356
8 22 	 14 7 	 1 0 	 0.508426
8 22 	 15 4 	 1 1 	 0.386886
8 22 	 15 2 	 1 0 	 0.515934
8 22 	 15 3 	 1 0 	 0.474980
8 22 	 15 5 	 1 0 	 0.420499
8 22 	 15 6 	 1 0 	 0.372622
8 22 	 15 7 	 1 0 	 0.378290
8 22 	 15 11 	 1 0 	 0.513400
8 15 	 15 5 	 1 0 	 0.502465
8 15 	 15 8 	 1 0 	 0.540191
8 15 	 15 9 	 1 0 	 0.539866
8 26 	 15 3 	 1 0 	 0.597344
8 26 	 15 4 	 1 0 	 0.420801
8 22 	 15 8 	 1 0 	 0.454737
8 22 	 15 9 	 1 0 	 0.582797
8 22 	 15 10 	 1 0 	 0.410884
9 16 	 1 15 	 1 1 	 0.521852
9 16 	 2 11 	 1 1 	 0.540719
9 16 	 2 12 	 1 1 	 0.593089
9 16 	 2 13 	 1 1 	 0.570162
9 16 	 2 14 	 1 1 	 0.569634
9 16 	 2 15 	 1 1 	 0.400171
9 21 	 2 3 	 1 1 	 0.589518
9 16 	 3 8 	 1 1 	 0.520916
9 16 	 3 14 	 1 1 	 0.538803
9 16 	 3 15 	 1 1 	 0.453488
9 21 	 3 3 	 1 1 	 0.417048
9 21 	 3 4 	 1 1 	 0.420996
9 21 	 3 5 	 1 1 	 0.524819
9 24 	 3 9 	 1 1 	 0.589785
9 30 	 3 4 	 1 1 	 0.460245
9 30 	 3 5 	 1 1 	 0.539185
9 30 	 3 9 	 1 1 	 0.576398
9 16 	 4 7 	 1 1 	 0.530378
9 16 	 4 8 	 1 1 	 0.335234
9 16 	 4 9 	 1 1 	 0.420898
9 16 	 4 10 	 1 1 	 0.462368
9 16 	 4 14 	 1 1 	 0.454399
9 16 	 4 15 	 1 1 	 0.499906
9 21 	 4 3 	 1 1 	 0.509594
9 21 	 4 4 	 1 1 	 0.343775
9 21 	 4 5 	 1 1 	 0.540128
9 21 	 4 10 	 1 1 	 0.554197
9 24 	 4 3 	 1 1 	 0.594687
9 24 	 4 4 	 1 1 	 0.472845
9 24 	 4 8 	 1 1 	 0.491744
9 24 	 4 9 	 1 1 	 0.322554
9 24 	 4 10 	 1 1 	 0.537756
9 28 	 4 9 	 1 1 	 0.588899
9 30 	 4 4 	 1 1 	 0.528267
9 30 	 4 5 	 1 1 	 0.555574
9 30 	 4 9 	 1 1 	 0.370300
9 30 	 4 10 	 1 1 	 0.554124
9 16 	 5 8 	 1 1 	 0.475897
9 16 	 5 10 	 1 1 	 0.583560
9 16 	 5 13 	 1 1 	 0.591763
9 16 	 5 14 	 1 1 	 0.392619
9 16 	 5 15 	 1 1 	 0.384713
9 21 	 5 3 	 1 1 	 0.428740
9 21 	 5 4 	 1 1 	 0.386043
9 21 	 5 5 	 1 1 	 0.555457
9 24 	 5 3 	 1 1 	 0.419796
9 24 	 5 4 	 1 1 	 0.392102
9 24 	 5 5 	 1 1 	 0.559687
9 24 	 5 6 	 1 1 	 0.549650
9 24 	 5 8 	 1 1 	 0.496433
9 24 	 5 9 	 1 1 	 0.409957
9 24 	 5 10 	 1 1 	 0.597653
9 30 	 5 9 	 1 1 	 0.558373
9 16 	 6 7 	 1 1 	 0.466078
9 16 	 6 8 	 1 1 	 0.506780
9 16 	 6 11 	 1 1 	 0.374993
9 16 	 6 12 	 1 1 	 0.465869
9 16 	 6 13 	 1 1 	 0.483878
9 16 	 6 14 	 1 1 	 0.533740
9 16 	 6 15 	 1 1 	 0.394500
9 16 	 7 7 	 1 1 	 0.460523
9 16 	 7 8 	 1 1 	 0.521339
9 16 	 7 11 	 1 1 	 0.396273
9 16 	 7 12 	 1 1 	 0.532295
9 16 	 7 15 	 1 1 	 0.576335
9 30 	 7 4 	 1 1 	 0.580365
9 16 	 8 7 	 1 1 	 0.503375
9 16 	 8 8 	 1 1 	 0.438252
9 16 	 8 11 	 1 1 	 0.528421
9 21 	 8 4 	 1 1 	 0.597624
9 28 	 8 14 	 1 1 	 0.588076
9 30 	 8 4 	 1 1 	 0.370763
9 30 	 8 5 	 1 1 	 0.546400
9 30 	 8 9 	 1 1 	 0.544585
9 16 	 9 7 	 1 1 	 0.564610
9 16 	 9 8 	 1 1 	 0.399947
9 16 	 9 9 	 1 1 	 0.424927
9 16 	 9 10 	 1 1 	 0.567813
9 21 	 9 4 	 1 1 	 0.541163
9 24 	 9 9 	 1 1 	 0.575706
9 28 	 9 8 	 1 1 	 0.580391
9 28 	 9 9 	 1 1 	 0.368567
9 28 	 9 14 	 1 1 	 0.393805
9 28 	 9 15 	 1 1 	 0.460653
9 30 	 9 4 	 1 1 	 0.401540
9 30 	 9 5 	 1 1 	 0.497496
9 30 	 9 8 	 1 1 	 0.449450
9 30 	 9 9 	 1 1 	 0.327851
9 30 	 9 10 	 1 1 	 0.526924
9 2 	 9 9 	 1 0 	 0.448521
9 28 	 9 10 	 1 0 	 0.570822
9 16 	 10 8 	 1 1 	 0.534649
9 28 	 10 9 	 1 1 	 0.530213
9 28 	 10 13 	 1 1 	 0.589204
9 28 	 10 14 	 1 1 	 0.353157
9 28 	 10 15 	 1 1 	 0.420556
9 30 	 10 4 	 1 1 	 0.380831
9 30 	 10 5 	 1 1 	 0.551168
9 30 	 10 8 	 1 1 	 0.558467
9 30 	 10 9 	 1 1 	 0.527638
9 2 	 10 1 	 1 0 	 0.592344
9 2 	 10 2 	 1 0 	 0.592742
9 2 	 10 4 	 1 0 	 0.593801
9 2 	 10 5 	 1 0 	 0.584636
9 2 	 10 9 	 1 0 	 0.504687
9 16 	 11 7 	 1 1 	 0.539711
9 16 	 11 11 	 1 1 	 0.458756
9 16 	 11 12 	 1 1 	 0.573567
9 2 	 11 2 	 1 0 	 0.571977
9 2 	 11 12 	 1 0 	 0.514887
9 2 	 12 2 	 1 0 	 0.589613
9 2 	 12 12 	 1 0 	 0.579072
9 2 	 13 1 	 1 0 	 0.548274
9 2 	 13 2 	 1 0 	 0.526463
9 30 	 15 4 	 1 1 	 0.514444
9 2 	 15 1 	 1 0 	 0.551529
9 2 	 15 2 	 1 0 	 0.574229
10 11 	 4 3 	 1 1 	 0.435340
10 11 	 4 4 	 1 1 	 0.392140
10 11 	 4 5 	 1 1 	 0.405588
10 32 	 4 4 	 1 1 	 0.471788
10 11 	 5 4 	 1 1 	 0.574555
10 32 	 5 4 	 1 1 	 0.544497
10 32 	 8 4 	 1 1 	 0.580870
10 11 	 9 4 	 1 1 	 0.544944
10 14 	 9 5 	 1 1 	 0.586013
10 32 	 9 2 	 1 1 	 0.563650
10 32 	 9 3 	 1 1 	 0.366411
10 32 	 9 4 	 1 1 	 0.355654
10 32 	 9 5 	 1 1 	 0.506662
10 11 	 10 4 	 1 1 	 0.497303
10 11 	 10 8 	 1 1 	 0.593985
10 11 	 10 9 	 1 1 	 0.460073
10 32 	 10 3 	 1 1 	 0.396965
10 32 	 10 4 	 1 1 	 0.377955
10 32 	 10 5 	 1 1 	 0.480585
10 32 	 10 9 	 1 1 	 0.568213
10 12 	 14 5 	 1 1 	 0.565723
10 12 	 14 9 	 1 1 	 0.430824
10 12 	 15 9 	 1 1 	 0.587100
11 17 	 2 15 	 1 1 	 0.466480
11 17 	 3 14 	 1 1 	 0.536494
11 17 	 3 15 	 1 1 	 0.453781
11 32 	 3 4 	 1 1 	 0.587017
11 17 	 4 10 	 1 1 	 0.585406
11 17 	 4 13 	 1 1 	 0.585335
11 17 	 4 14 	 1 1 	 0.360079
11 17 	 4 15 	 1 1 	 0.403641
11 32 	 4 3 	 1 1 	 0.584586
11 32 	 4 4 	 1 1 	 0.313385
11 32 	 4 5 	 1 1 	 0.446759
11 17 	 5 13 	 1 1 	 0.561289
11 17 	 5 14 	 1 1 	 0.423473
11 17 	 5 15 	 1 1 	 0.429621
11 32 	 5 4 	 1 1 	 0.488010
11 17 	 6 13 	 1 1 	 0.518277
11 17 	 6 14 	 1 1 	 0.516505
11 17 	 6 15 	 1 1 	 0.327863
11 17 	 7 14 	 1 1 	 0.577631
11 17 	 7 15 	 1 1 	 0.390575
11 19 	 7 15 	 1 1 	 0.577589
11 17 	 8 14 	 1 1 	 0.514149
11 17 	 8 15 	 1 1 	 0.408517
11 19 	 8 9 	 1 1 	 0.598012
11 19 	 8 10 	 1 1 	 0.575507
11 19 	 8 15 	 1 1 	 0.563761
11 17 	 9 9 	 1 1 	 0.535212
11 17 	 9 10 	 1 1 	 0.478302
11 17 	 9 14 	 1 1 	 0.383526
11 17 	 9 15 	 1 1 	 0.419021
11 19 	 9 8 	 1 1 	 0.563885
11 19 	 9 9 	 1 1 	 0.414614
11 19 	 9 10 	 1 1 	 0.403417
11 19 	 9 14 	 1 1 	 0.566477
11 19 	 9 15 	 1 1 	 0.563179
11 32 	 9 1 	 1 1 	 0.584214
11 32 	 9 3 	 1 1 	 0.510116
11 32 	 9 4 	 1 1 	 0.380732
11 32 	 9 5 	 1 1 	 0.346902
11 32 	 9 9 	 1 1 	 0.561670
11 17 	 10 9 	 1 1 	 0.590342
11 17 	 10 10 	 1 1 	 0.574607
11 17 	 10 14 	 1 1 	 0.500216
11 17 	 10 15 	 1 1 	 0.460568
11 19 	 10 4 	 1 1 	 0.595444
11 19 	 10 5 	 1 1 	 0.570854
11 19 	 10 7 	 1 1 	 0.449921
11 19 	 10 8 	 1 1 	 0.413161
11 19 	 10 9 	 1 1 	 0.376798
11 19 	 10 10 	 1 1 	 0.335757
11 19 	 10 11 	 1 1 	 0.467856
11 19 	 10 14 	 1 1 	 0.484566
11 19 	 10 15 	 1 1 	 0.447539
11 32 	 10 5 	 1 1 	 0.531647
11 17 	 11 15 	 1 1 	 0.584863
11 19 	 13 11 	 1 1 	 0.578927
11 19 	 14 1 	 1 1 	 0.586257
11 19 	 14 2 	 1 1 	 0.492120
11 19 	 14 3 	 1 1 	 0.569900
11 19 	 14 4 	 1 1 	 0.569173
11 19 	 14 5 	 1 1 	 0.436401
11 19 	 14 6 	 1 1 	 0.441760
11 19 	 14 7 	 1 1 	 0.348937
11 19 	 14 8 	 1 1 	 0.421969
11 19 	 14 9 	 1 1 	 0.524489
11 19 	 14 10 	 1 1 	 0.520212
11 19 	 14 11 	 1 1 	 0.394169
11 19 	 14 12 	 1 1 	 0.570247
11 19 	 14 15 	 1 1 	 0.567686
11 19 	 15 1 	 1 1 	 0.558023
11 19 	 15 2 	 1 1 	 0.519826
11 19 	 15 5 	 1 1 	 0.589075
11 19 	 15 6 	 1 1 	 0.464682
11 19 	 15 7 	 1 1 	 0.405455
11 19 	 15 8 	 1 1 	 0.568532
11 19 	 15 11 	 1 1 	 0.382923
11 19 	 15 12 	 1 1 	 0.497253
12 25 	 2 15 	 1 1 	 0.581548
12 25 	 3 15 	 1 1 	 0.510509
12 19 	 4 2 	 1 1 	 0.570025
12 19 	 4 3 	 1 1 	 0.382457
12 19 	 4 4 	 1 1 	 0.393381
12 19 	 4 5 	 1 1 	 0.401302
12 25 	 4 14 	 1 1 	 0.477287
12 25 	 4 15 	 1 1 	 0.373024
12 19 	 5 4 	 1 1 	 0.559462
12 19 	 5 5 	 1 1 	 0.573841
12 25 	 5 15 	 1 1 	 0.516017
12 25 	 6 15 	 1 1 	 0.538425
12 25 	 7 7 	 1 1 	 0.564873
12 25 	 7 11 	 1 1 	 0.439750
12 25 	 7 12 	 1 1 	 0.504921
12 25 	 7 13 	 1 1 	 0.585742
12 25 	 7 15 	 1 1 	 0.436937
12 19 	 8 4 	 1 1 	 0.598392
12 25 	 8 7 	 1 1 	 0.557825
12 25 	 8 10 	 1 1 	 0.531116
12 25 	 8 11 	 1 1 	 0.502144
12 25 	 8 14 	 1 1 	 0.566541
12 25 	 8 15 	 1 1 	 0.476694
12 32 	 8 10 	 1 1 	 0.541245
12 32 	 8 14 	 1 1 	 0.545478
12 19 	 9 4 	 1 1 	 0.399050
12 19 	 9 5 	 1 1 	 0.518140
12 19 	 9 9 	 1 1 	 0.578908
12 25 	 9 9 	 1 1 	 0.599107
12 25 	 9 10 	 1 1 	 0.487073
12 25 	 9 14 	 1 1 	 0.549124
12 25 	 9 15 	 1 1 	 0.544306
12 32 	 9 9 	 1 1 	 0.507409
12 32 	 9 10 	 1 1 	 0.369473
12 32 	 9 14 	 1 1 	 0.531344
12 19 	 10 3 	 1 1 	 0.549772
12 19 	 10 4 	 1 1 	 0.383793
12 19 	 10 5 	 1 1 	 0.554418
12 19 	 10 9 	 1 1 	 0.592032
12 25 	 10 7 	 1 1 	 0.502730
12 25 	 10 8 	 1 1 	 0.483573
12 25 	 10 9 	 1 1 	 0.493422
12 25 	 10 10 	 1 1 	 0.328704
12 25 	 10 11 	 1 1 	 0.468240
12 25 	 10 12 	 1 1 	 0.595926
12 25 	 10 13 	 1 1 	 0.535631
12 25 	 10 14 	 1 1 	 0.362529
12 25 	 10 15 	 1 1 	 0.358880
12 32 	 10 9 	 1 1 	 0.536539
12 32 	 10 10 	 1 1 	 0.405584
12 32 	 10 14 	 1 1 	 0.580650
12 25 	 11 7 	 1 1 	 0.482722
12 25 	 11 11 	 1 1 	 0.401152
12 25 	 11 12 	 1 1 	 0.512942
12 25 	 11 15 	 1 1 	 0.549979
12 25 	 12 7 	 1 1 	 0.516926
12 25 	 12 11 	 1 1 	 0.498900
12 25 	 13 6 	 1 1 	 0.568845
12 25 	 13 7 	 1 1 	 0.476622
12 25 	 13 8 	 1 1 	 0.579997
12 25 	 13 11 	 1 1 	 0.519747
12 32 	 13 13 	 1 1 	 0.585247
12 32 	 13 14 	 1 1 	 0.472866
12 25 	 14 2 	 1 1 	 0.596069
12 25 	 14 3 	 1 1 	 0.562904
12 25 	 14 4 	 1 1 	 0.470084
12 25 	 14 5 	 1 1 	 0.594492
12 25 	 14 6 	 1 1 	 0.521480
12 25 	 14 7 	 1 1 	 0.398142
12 25 	 14 8 	 1 1 	 0.381928
12 25 	 14 9 	 1 1 	 0.391102
12 25 	 14 10 	 1 1 	 0.390840
12 25 	 14 11 	 1 1 	 0.492598
12 32 	 14 6 	 1 1 	 0.558367
12 32 	 14 7 	 1 1 	 0.489402
12 32 	 14 8 	 1 1 	 0.529808
12 32 	 14 10 	 1 1 	 0.410422
12 32 	 14 13 	 1 1 	 0.509201
12 32 	 14 14 	 1 1 	 0.340685
12 32 	 14 15 	 1 1 	 0.557455
12 25 	 15 1 	 1 1 	 0.576072
12 25 	 15 2 	 1 1 	 0.437023
12 25 	 15 3 	 1 1 	 0.430402
12 25 	 15 4 	 1 1 	 0.427181
12 25 	 15 5 	 1 1 	 0.548057
12 25 	 15 6 	 1 1 	 0.419316
12 25 	 15 7 	 1 1 	 0.382411
12 25 	 15 8 	 1 1 	 0.423856
12 25 	 15 9 	 1 1 	 0.504506
12 25 	 15 10 	 1 1 	 0.539046
12 25 	 15 11 	 1 1 	 0.515106
12 32 	 15 7 	 1 1 	 0.557341
12 32 	 15 13 	 1 1 	 0.501439
12 32 	 15 14 	 1 1 	 0.453172
13 20 	 3 1 	 1 1 	 0.531504
13 20 	 3 2 	 1 1 	 0.560973
13 20 	 3 3 	 1 1 	 0.582914
13 20 	 3 4 	 1 1 	 0.562563
13 20 	 3 5 	 1 1 	 0.459942
13 20 	 3 6 	 1 1 	 0.494541
13 20 	 3 8 	 1 1 	 0.577371
13 22 	 3 14 	 1 0 	 0.598942
13 24 	 3 14 	 1 0 	 0.523046
13 16 	 4 1 	 1 1 	 0.589847
13 16 	 4 3 	 1 1 	 0.452732
13 16 	 4 4 	 1 1 	 0.514511
13 16 	 4 5 	 1 1 	 0.366216
13 20 	 4 3 	 1 1 	 0.551855
13 20 	 4 4 	 1 1 	 0.409043
13 20 	 4 5 	 1 1 	 0.429132
13 20 	 4 6 	 1 1 	 0.528630
13 20 	 4 8 	 1 1 	 0.447520
13 20 	 4 9 	 1 1 	 0.408013
13 20 	 4 10 	 1 1 	 0.582867
13 16 	 4 10 	 1 0 	 0.584139
13 22 	 4 14 	 1 0 	 0.579415
13 24 	 4 14 	 1 0 	 0.389886
13 24 	 4 15 	 1 0 	 0.590947
13 16 	 5 5 	 1 1 	 0.549744
13 20 	 5 4 	 1 1 	 0.563521
13 20 	 5 5 	 1 1 	 0.551066
13 20 	 5 6 	 1 1 	 0.476044
13 20 	 5 7 	 1 1 	 0.535673
13 20 	 5 8 	 1 1 	 0.443921
13 20 	 5 9 	 1 1 	 0.450230
13 22 	 5 14 	 1 0 	 0.411001
13 24 	 5 14 	 1 0 	 0.574843
13 22 	 5 13 	 1 0 	 0.575563
13 22 	 5 15 	 1 0 	 0.451807
13 22 	 6 13 	 1 1 	 0.449828
13 22 	 6 15 	 1 1 	 0.487420
13 22 	 6 14 	 1 0 	 0.442370
13 22 	 7 14 	 1 1 	 0.421076
13 24 	 7 7 	 1 1 	 0.592241
13 24 	 7 8 	 1 1 	 0.595233
13 24 	 7 10 	 1 1 	 0.595929
13 24 	 7 11 	 1 1 	 0.501521
13 24 	 7 12 	 1 1 	 0.588573
13 24 	 7 13 	 1 1 	 0.567420
13 24 	 7 14 	 1 1 	 0.582973
13 22 	 7 13 	 1 0 	 0.474147
13 22 	 7 15 	 1 0 	 0.550009
13 22 	 8 8 	 1 1 	 0.502894
13 22 	 8 9 	 1 1 	 0.455690
13 22 	 8 14 	 1 1 	 0.352854
13 24 	 8 7 	 1 1 	 0.560498
13 24 	 8 8 	 1 1 	 0.462870
13 24 	 8 9 	 1 1 	 0.593276
13 24 	 8 10 	 1 1 	 0.383489
13 24 	 8 11 	 1 1 	 0.545263
13 24 	 8 13 	 1 1 	 0.599762
13 24 	 8 14 	 1 1 	 0.572484
13 22 	 8 13 	 1 0 	 0.533252
13 22 	 8 15 	 1 0 	 0.552548
13 16 	 9 9 	 1 1 	 0.488779
13 16 	 9 10 	 1 1 	 0.525172
13 22 	 9 9 	 1 1 	 0.431910
13 22 	 9 14 	 1 1 	 0.439949
13 24 	 9 8 	 1 1 	 0.512927
13 24 	 9 9 	 1 1 	 0.509499
13 24 	 9 10 	 1 1 	 0.352603
13 24 	 9 14 	 1 1 	 0.575634
13 28 	 9 3 	 1 1 	 0.568994
13 28 	 9 4 	 1 1 	 0.469704
13 28 	 9 5 	 1 1 	 0.366511
13 8 	 9 4 	 1 0 	 0.509255
13 8 	 9 5 	 1 0 	 0.550393
13 16 	 9 4 	 1 0 	 0.567374
13 16 	 9 5 	 1 0 	 0.401427
13 20 	 9 9 	 1 0 	 0.410433
13 16 	 10 9 	 1 1 	 0.478441
13 16 	 10 10 	 1 1 	 0.416342
13 22 	 10 9 	 1 1 	 0.583388
13 22 	 10 14 	 1 1 	 0.511073
13 24 	 10 7 	 1 1 	 0.582304
13 24 	 10 8 	 1 1 	 0.416280
13 24 	 10 9 	 1 1 	 0.520390
13 24 	 10 10 	 1 1 	 0.371023
13 24 	 10 11 	 1 1 	 0.556372
13 24 	 10 13 	 1 1 	 0.493534
13 24 	 10 14 	 1 1 	 0.375814
13 24 	 10 15 	 1 1 	 0.579252
13 28 	 10 5 	 1 1 	 0.567293
13 16 	 10 3 	 1 0 	 0.541313
13 16 	 10 4 	 1 0 	 0.585290
13 16 	 10 5 	 1 0 	 0.373874
13 20 	 10 9 	 1 0 	 0.513123
13 22 	 11 14 	 1 1 	 0.548228
13 24 	 11 7 	 1 1 	 0.473740
13 24 	 11 8 	 1 1 	 0.551602
13 24 	 11 10 	 1 1 	 0.590424
13 24 	 11 11 	 1 1 	 0.398357
13 24 	 11 12 	 1 1 	 0.531060
13 24 	 11 13 	 1 1 	 0.562354
13 22 	 11 13 	 1 0 	 0.561909
13 24 	 12 7 	 1 0 	 0.540518
13 24 	 12 11 	 1 0 	 0.491841
13 21 	 13 14 	 1 1 	 0.503339
13 21 	 13 15 	 1 1 	 0.475993
13 22 	 13 8 	 1 1 	 0.415785
13 22 	 13 9 	 1 1 	 0.554018
13 24 	 13 5 	 1 1 	 0.577445
13 24 	 13 7 	 1 1 	 0.508656
13 24 	 13 8 	 1 1 	 0.578750
13 24 	 13 10 	 1 1 	 0.560529
13 24 	 13 11 	 1 1 	 0.548570
13 22 	 13 7 	 1 0 	 0.559348
13 21 	 14 9 	 1 1 	 0.391944
13 21 	 14 13 	 1 1 	 0.509504
13 21 	 14 14 	 1 1 	 0.439416
13 21 	 14 15 	 1 1 	 0.457518
13 22 	 14 8 	 1 1 	 0.342875
13 22 	 14 9 	 1 1 	 0.334344
13 22 	 14 10 	 1 1 	 0.415214
13 24 	 14 4 	 1 1 	 0.465972
13 24 	 14 5 	 1 1 	 0.436290
13 24 	 14 7 	 1 1 	 0.514281
13 24 	 14 8 	 1 1 	 0.454676
13 24 	 14 9 	 1 1 	 0.518684
13 24 	 14 10 	 1 1 	 0.346123
13 26 	 14 10 	 1 1 	 0.525209
13 22 	 14 7 	 1 0 	 0.594274
13 21 	 15 9 	 1 1 	 0.529589
13 21 	 15 13 	 1 1 	 0.531787
13 21 	 15 14 	 1 1 	 0.507859
13 21 	 15 15 	 1 1 	 0.423979
13 22 	 15 8 	 1 1 	 0.524887
13 22 	 15 9 	 1 1 	 0.551764
13 24 	 15 2 	 1 1 	 0.486542
13 24 	 15 3 	 1 1 	 0.490467
13 24 	 15 4 	 1 1 	 0.444532
13 24 	 15 5 	 1 1 	 0.354508
13 24 	 15 6 	 1 1 	 0.439329
13 24 	 15 7 	 1 1 	 0.343208
13 24 	 15 8 	 1 1 	 0.401192
13 24 	 15 9 	 1 1 	 0.558392
13 24 	 15 10 	 1 1 	 0.422154
13 24 	 15 11 	 1 1 	 0.463532
14 32 	 2 11 	 1 1 	 0.545645
14 32 	 3 1 	 1 1 	 0.592238
14 32 	 3 2 	 1 1 	 0.547684
14 32 	 4 1 	 1 1 	 0.366072
14 32 	 4 2 	 1 1 	 0.367963
14 32 	 4 3 	 1 1 	 0.398980
14 32 	 4 4 	 1 1 	 0.473441
14 32 	 4 5 	 1 1 	 0.455502
14 32 	 4 6 	 1 1 	 0.531464
14 32 	 4 8 	 1 1 	 0.576997
14 32 	 5 1 	 1 1 	 0.526948
14 32 	 5 2 	 1 1 	 0.469764
14 32 	 5 3 	 1 1 	 0.476707
14 32 	 5 4 	 1 1 	 0.560269
14 32 	 5 6 	 1 1 	 0.598355
14 32 	 6 2 	 1 1 	 0.511411
14 32 	 6 6 	 1 1 	 0.512917
14 32 	 6 7 	 1 1 	 0.465611
14 32 	 6 8 	 1 1 	 0.571128
14 32 	 6 11 	 1 1 	 0.376472
14 32 	 6 12 	 1 1 	 0.493511
14 25 	 7 4 	 1 1 	 0.489217
14 25 	 7 5 	 1 1 	 0.595156
14 32 	 7 1 	 1 1 	 0.584679
14 32 	 7 2 	 1 1 	 0.516934
14 32 	 7 6 	 1 1 	 0.480464
14 32 	 7 7 	 1 1 	 0.409492
14 32 	 7 8 	 1 1 	 0.550448
14 32 	 7 11 	 1 1 	 0.370736
14 32 	 7 12 	 1 1 	 0.506515
14 25 	 8 4 	 1 1 	 0.479990
14 25 	 8 5 	 1 1 	 0.516955
14 25 	 8 9 	 1 1 	 0.554604
14 27 	 8 4 	 1 1 	 0.551352
14 27 	 8 5 	 1 1 	 0.594886
14 32 	 8 1 	 1 1 	 0.415810
14 32 	 8 2 	 1 1 	 0.408854
14 32 	 8 6 	 1 1 	 0.417568
14 32 	 8 7 	 1 1 	 0.442923
14 32 	 8 8 	 1 1 	 0.494461
14 32 	 8 11 	 1 1 	 0.508759
14 17 	 9 9 	 1 1 	 0.433225
14 17 	 9 10 	 1 1 	 0.590699
14 25 	 9 4 	 1 1 	 0.490541
14 25 	 9 5 	 1 1 	 0.464043
14 25 	 9 9 	 1 1 	 0.378772
14 25 	 9 10 	 1 1 	 0.554405
14 27 	 9 3 	 1 1 	 0.586990
14 27 	 9 4 	 1 1 	 0.313683
14 27 	 9 5 	 1 1 	 0.433748
14 27 	 9 8 	 1 1 	 0.575104
14 27 	 9 9 	 1 1 	 0.360501
14 27 	 9 10 	 1 1 	 0.483449
14 32 	 9 1 	 1 1 	 0.323132
14 32 	 9 2 	 1 1 	 0.386080
14 32 	 9 3 	 1 1 	 0.563544
14 32 	 9 5 	 1 1 	 0.550412
14 32 	 9 6 	 1 1 	 0.397574
14 32 	 9 7 	 1 1 	 0.501505
14 32 	 9 8 	 1 1 	 0.455879
14 32 	 9 9 	 1 1 	 0.466078
14 32 	 9 10 	 1 1 	 0.560768
14 25 	 10 4 	 1 1 	 0.434577
14 25 	 10 5 	 1 1 	 0.363267
14 25 	 10 9 	 1 1 	 0.483656
14 27 	 10 3 	 1 1 	 0.545313
14 27 	 10 4 	 1 1 	 0.348956
14 27 	 10 5 	 1 1 	 0.353007
14 27 	 10 9 	 1 1 	 0.532858
14 32 	 10 1 	 1 1 	 0.515175
14 32 	 10 2 	 1 1 	 0.550644
14 32 	 10 6 	 1 1 	 0.530089
14 32 	 10 7 	 1 1 	 0.554433
14 32 	 10 8 	 1 1 	 0.598843
14 25 	 11 3 	 1 1 	 0.590225
14 25 	 11 4 	 1 1 	 0.397364
14 25 	 11 5 	 1 1 	 0.494128
14 32 	 11 6 	 1 1 	 0.578744
14 32 	 11 7 	 1 1 	 0.454785
14 32 	 11 11 	 1 1 	 0.414572
14 32 	 11 12 	 1 1 	 0.503102
14 25 	 12 3 	 1 1 	 0.593254
14 25 	 12 4 	 1 1 	 0.498692
14 25 	 12 5 	 1 1 	 0.555592
14 32 	 12 11 	 1 1 	 0.582915
14 25 	 13 3 	 1 1 	 0.483149
14 25 	 13 4 	 1 1 	 0.444771
14 25 	 13 5 	 1 1 	 0.408212
14 25 	 14 4 	 1 1 	 0.571391
14 25 	 14 5 	 1 1 	 0.439375
14 27 	 14 3 	 1 1 	 0.587102
14 27 	 14 4 	 1 1 	 0.557208
14 27 	 14 5 	 1 1 	 0.420344
14 25 	 15 5 	 1 1 	 0.575990
15 23 	 3 5 	 1 1 	 0.595679
15 26 	 3 4 	 1 1 	 0.560622
15 26 	 3 5 	 1 1 	 0.496977
15 23 	 4 3 	 1 1 	 0.560365
15 23 	 4 4 	 1 1 	 0.542285
15 23 	 4 5 	 1 1 	 0.380287
15 23 	 4 6 	 1 1 	 0.571951
15 23 	 4 8 	 1 1 	 0.547975
15 23 	 4 9 	 1 1 	 0.572065
15 23 	 4 10 	 1 1 	 0.369776
15 26 	 4 3 	 1 1 	 0.562426
15 26 	 4 4 	 1 1 	 0.441776
15 26 	 4 5 	 1 1 	 0.356310
15 26 	 4 9 	 1 0 	 0.508784
15 23 	 5 5 	 1 1 	 0.574266
15 23 	 5 10 	 1 1 	 0.520889
15 26 	 5 3 	 1 1 	 0.512074
15 26 	 5 4 	 1 1 	 0.363347
15 26 	 5 5 	 1 1 	 0.376401
15 26 	 5 9 	 1 0 	 0.532443
15 8 	 5 13 	 1 0 	 0.492331
15 8 	 5 15 	 1 0 	 0.502465
15 22 	 5 4 	 1 0 	 0.597857
15 8 	 6 13 	 1 0 	 0.483745
15 5 	 7 7 	 1 0 	 0.522852
15 8 	 7 13 	 1 0 	 0.485555
15 8 	 8 8 	 1 0 	 0.475748
15 8 	 8 9 	 1 0 	 0.517020
15 8 	 8 10 	 1 0 	 0.424662
15 28 	 8 4 	 1 0 	 0.592642
15 5 	 8 7 	 1 0 	 0.570642
15 8 	 8 13 	 1 0 	 0.444627
15 8 	 8 15 	 1 0 	 0.540191
15 23 	 9 9 	 1 1 	 0.450289
15 23 	 9 10 	 1 1 	 0.424479
15 26 	 9 4 	 1 1 	 0.470240
15 26 	 9 5 	 1 1 	 0.575942
15 30 	 9 14 	 1 1 	 0.579577
15 8 	 9 8 	 1 0 	 0.539866
15 8 	 9 9 	 1 0 	 0.425949
15 8 	 9 10 	 1 0 	 0.371350
15 22 	 9 8 	 1 0 	 0.598089
15 22 	 9 9 	 1 0 	 0.425356
15 22 	 9 10 	 1 0 	 0.399746
15 26 	 9 9 	 1 0 	 0.382241
15 26 	 9 10 	 1 0 	 0.581148
15 28 	 9 3 	 1 0 	 0.585649
15 28 	 9 4 	 1 0 	 0.353898
15 28 	 9 5 	 1 0 	 0.513666
15 8 	 9 13 	 1 0 	 0.574834
15 8 	 9 15 	 1 0 	 0.539866
15 23 	 10 9 	 1 1 	 0.494525
15 23 	 10 10 	 1 1 	 0.466263
15 30 	 10 14 	 1 1 	 0.422129
15 30 	 10 15 	 1 1 	 0.552200
15 8 	 10 8 	 1 0 	 0.592461
15 8 	 10 9 	 1 0 	 0.516141
15 8 	 10 10 	 1 0 	 0.506660
15 26 	 10 9 	 1 0 	 0.563485
15 28 	 10 3 	 1 0 	 0.577527
15 28 	 10 4 	 1 0 	 0.435018
15 28 	 10 5 	 1 0 	 0.534829
15 5 	 10 7 	 1 0 	 0.555713
15 5 	 11 6 	 1 0 	 0.596611
15 5 	 11 7 	 1 0 	 0.410068
15 8 	 11 13 	 1 0 	 0.592843
15 5 	 12 7 	 1 0 	 0.494683
15 8 	 13 8 	 1 0 	 0.495274
15 5 	 13 5 	 1 0 	 0.585970
15 5 	 13 7 	 1 0 	 0.490046
15 8 	 13 3 	 1 0 	 0.571896
15 8 	 13 7 	 1 0 	 0.555315
15 8 	 13 6 	 1 0 	 0.475324
15 8 	 13 2 	 1 0 	 0.589358
15 8 	 14 3 	 1 0 	 0.428362
15 8 	 14 4 	 1 0 	 0.384734
15 8 	 14 5 	 1 0 	 0.556778
15 5 	 14 8 	 1 0 	 0.377325
15 5 	 14 9 	 1 0 	 0.399337
15 5 	 14 10 	 1 0 	 0.541553
15 5 	 14 11 	 1 0 	 0.576752
15 8 	 14 8 	 1 0 	 0.356264
15 8 	 14 9 	 1 0 	 0.482478
15 8 	 14 10 	 1 0 	 0.516353
15 8 	 14 6 	 1 0 	 0.449540
15 8 	 14 2 	 1 0 	 0.545811
15 8 	 14 7 	 1 0 	 0.523946
15 8 	 15 3 	 1 0 	 0.527059
15 8 	 15 4 	 1 0 	 0.546695
15 5 	 15 8 	 1 0 	 0.394780
15 5 	 15 9 	 1 0 	 0.515844
15 5 	 15 10 	 1 0 	 0.597982
15 5 	 15 11 	 1 0 	 0.496402
15 8 	 15 8 	 1 0 	 0.559549
15 8 	 15 6 	 1 0 	 0.567631
16 18 	 1 9 	 1 1 	 0.587963
16 18 	 1 10 	 1 1 	 0.476770
16 18 	 1 15 	 1 1 	 0.577500
16 20 	 1 4 	 1 1 	 0.541926
16 20 	 1 5 	 1 1 	 0.563427
16 2 	 1 10 	 1 0 	 0.497708
16 24 	 1 13 	 1 0 	 0.531241
16 24 	 1 14 	 1 0 	 0.330518
16 24 	 1 15 	 1 0 	 0.317592
16 18 	 2 9 	 1 1 	 0.539255
16 18 	 2 10 	 1 1 	 0.488296
16 20 	 2 4 	 1 1 	 0.569474
16 2 	 2 8 	 1 0 	 0.547183
16 2 	 2 10 	 1 0 	 0.346017
16 2 	 2 11 	 1 0 	 0.563611
16 24 	 2 13 	 1 0 	 0.552490
16 24 	 2 14 	 1 0 	 0.352985
16 24 	 2 15 	 1 0 	 0.387465
16 18 	 3 9 	 1 1 	 0.405523
16 18 	 3 10 	 1 1 	 0.391045
16 20 	 3 4 	 1 1 	 0.371071
16 20 	 3 5 	 1 1 	 0.507762
16 20 	 3 9 	 1 1 	 0.553249
16 28 	 3 10 	 1 1 	 0.576384
16 31 	 3 9 	 1 1 	 0.519447
16 2 	 3 10 	 1 0 	 0.378361
16 13 	 3 10 	 1 0 	 0.541313
16 24 	 3 14 	 1 0 	 0.387461
16 24 	 3 15 	 1 0 	 0.526637
16 18 	 4 9 	 1 1 	 0.394782
16 18 	 4 10 	 1 1 	 0.496191
16 20 	 4 4 	 1 1 	 0.418524
16 20 	 4 8 	 1 1 	 0.544134
16 20 	 4 9 	 1 1 	 0.381373
16 20 	 4 10 	 1 1 	 0.480271
16 28 	 4 10 	 1 1 	 0.333048
16 29 	 4 4 	 1 1 	 0.425240
16 29 	 4 5 	 1 1 	 0.551687
16 29 	 4 8 	 1 1 	 0.583854
16 29 	 4 9 	 1 1 	 0.488905
16 31 	 4 9 	 1 1 	 0.361014
16 31 	 4 10 	 1 1 	 0.505075
16 2 	 4 10 	 1 0 	 0.443050
16 13 	 4 9 	 1 0 	 0.567374
16 13 	 4 10 	 1 0 	 0.585290
16 28 	 4 1 	 1 0 	 0.555106
16 28 	 4 5 	 1 0 	 0.581508
16 28 	 4 8 	 1 0 	 0.577507
16 28 	 4 9 	 1 0 	 0.434331
16 18 	 5 9 	 1 1 	 0.558230
16 18 	 5 10 	 1 1 	 0.594749
16 20 	 5 4 	 1 1 	 0.450540
16 20 	 5 8 	 1 1 	 0.566980
16 20 	 5 9 	 1 1 	 0.377975
16 20 	 5 10 	 1 1 	 0.557717
16 28 	 5 10 	 1 1 	 0.468279
16 31 	 5 9 	 1 1 	 0.541054
16 2 	 5 10 	 1 0 	 0.460177
16 13 	 5 9 	 1 0 	 0.401427
16 13 	 5 10 	 1 0 	 0.373874
16 24 	 5 10 	 1 0 	 0.578913
16 24 	 5 14 	 1 0 	 0.418200
16 28 	 5 5 	 1 0 	 0.533391
16 28 	 5 9 	 1 0 	 0.486232
16 24 	 6 13 	 1 1 	 0.471082
16 24 	 6 14 	 1 1 	 0.377690
16 24 	 6 15 	 1 1 	 0.361625
16 2 	 6 9 	 1 0 	 0.580630
16 2 	 6 12 	 1 0 	 0.585739
16 2 	 6 13 	 1 0 	 0.502858
16 24 	 7 14 	 1 1 	 0.580898
16 24 	 7 15 	 1 1 	 0.546541
16 2 	 7 12 	 1 0 	 0.511622
16 2 	 7 13 	 1 0 	 0.497647
16 24 	 8 8 	 1 1 	 0.503275
16 24 	 8 9 	 1 1 	 0.455608
16 24 	 8 10 	 1 1 	 0.596734
16 24 	 8 14 	 1 1 	 0.553766
16 28 	 8 9 	 1 1 	 0.540144
16 30 	 8 9 	 1 1 	 0.541463
16 2 	 8 9 	 1 0 	 0.512893
16 24 	 9 8 	 1 1 	 0.474404
16 24 	 9 9 	 1 1 	 0.356951
16 24 	 9 10 	 1 1 	 0.445459
16 24 	 9 14 	 1 1 	 0.532009
16 28 	 9 3 	 1 1 	 0.529916
16 28 	 9 5 	 1 1 	 0.527865
16 28 	 9 9 	 1 1 	 0.341762
16 30 	 9 9 	 1 1 	 0.422480
16 2 	 9 9 	 1 0 	 0.442608
16 28 	 9 10 	 1 0 	 0.476569
16 24 	 10 7 	 1 1 	 0.580733
16 24 	 10 8 	 1 1 	 0.369697
16 24 	 10 9 	 1 1 	 0.399326
16 24 	 10 10 	 1 1 	 0.450183
16 24 	 10 13 	 1 1 	 0.448019
16 24 	 10 14 	 1 1 	 0.353883
16 24 	 10 15 	 1 1 	 0.471731
16 28 	 10 9 	 1 1 	 0.559305
16 2 	 10 9 	 1 0 	 0.566626
16 13 	 10 4 	 1 0 	 0.584139
16 2 	 11 12 	 1 0 	 0.480827
16 2 	 11 13 	 1 0 	 0.551186
16 2 	 12 12 	 1 0 	 0.558095
16 24 	 13 13 	 1 1 	 0.564747
16 24 	 13 15 	 1 1 	 0.588175
16 24 	 14 2 	 1 1 	 0.565036
16 24 	 14 3 	 1 1 	 0.525070
16 24 	 14 4 	 1 1 	 0.589839
16 24 	 14 6 	 1 1 	 0.410966
16 24 	 14 7 	 1 1 	 0.425766
16 24 	 14 8 	 1 1 	 0.397701
16 24 	 14 9 	 1 1 	 0.521186
16 24 	 14 11 	 1 1 	 0.500730
16 24 	 14 12 	 1 1 	 0.553402
16 24 	 14 13 	 1 1 	 0.457446
16 24 	 14 15 	 1 1 	 0.573592
16 24 	 15 3 	 1 1 	 0.561770
16 24 	 15 6 	 1 1 	 0.511511
16 24 	 15 8 	 1 1 	 0.596223
17 19 	 2 13 	 1 1 	 0.523322
17 19 	 2 14 	 1 1 	 0.554875
17 27 	 2 14 	 1 1 	 0.573850
17 19 	 3 13 	 1 1 	 0.558453
17 19 	 3 14 	 1 1 	 0.536043
17 27 	 3 10 	 1 1 	 0.595148
17 27 	 3 13 	 1 1 	 0.573419
17 27 	 3 14 	 1 1 	 0.480858
17 27 	 3 15 	 1 1 	 0.589360
17 19 	 4 10 	 1 1 	 0.586461
17 19 	 4 13 	 1 1 	 0.592684
17 19 	 4 14 	 1 1 	 0.467433
17 27 	 4 2 	 1 1 	 0.541799
17 27 	 4 3 	 1 1 	 0.416607
17 27 	 4 4 	 1 1 	 0.448429
17 27 	 4 5 	 1 1 	 0.585222
17 27 	 4 6 	 1 1 	 0.434995
17 27 	 4 7 	 1 1 	 0.476565
17 27 	 4 8 	 1 1 	 0.448256
17 27 	 4 9 	 1 1 	 0.537061
17 27 	 4 10 	 1 1 	 0.318661
17 27 	 4 11 	 1 1 	 0.566665
17 27 	 4 13 	 1 1 	 0.452439
17 27 	 4 14 	 1 1 	 0.454610
17 27 	 4 15 	 1 1 	 0.441465
17 19 	 5 14 	 1 1 	 0.580353
17 27 	 5 2 	 1 1 	 0.557604
17 27 	 5 3 	 1 1 	 0.415850
17 27 	 5 4 	 1 1 	 0.510015
17 27 	 5 6 	 1 1 	 0.524489
17 27 	 5 10 	 1 1 	 0.495311
17 19 	 6 13 	 1 1 	 0.520571
17 19 	 6 14 	 1 1 	 0.454383
17 19 	 6 15 	 1 1 	 0.560873
17 19 	 7 13 	 1 1 	 0.492448
17 19 	 7 14 	 1 1 	 0.366307
17 19 	 7 15 	 1 1 	 0.443389
17 19 	 8 10 	 1 1 	 0.519374
17 19 	 8 13 	 1 1 	 0.587042
17 19 	 8 14 	 1 1 	 0.345815
17 19 	 8 15 	 1 1 	 0.501856
17 27 	 8 4 	 1 1 	 0.597837
17 27 	 8 10 	 1 1 	 0.497678
17 19 	 9 8 	 1 1 	 0.572701
17 19 	 9 9 	 1 1 	 0.478879
17 19 	 9 10 	 1 1 	 0.347570
17 19 	 9 14 	 1 1 	 0.405112
17 19 	 9 15 	 1 1 	 0.588744
17 27 	 9 4 	 1 1 	 0.442892
17 27 	 9 8 	 1 1 	 0.569344
17 27 	 9 9 	 1 1 	 0.377228
17 27 	 9 10 	 1 1 	 0.334872
17 32 	 9 1 	 1 1 	 0.421229
17 32 	 9 2 	 1 1 	 0.570128
17 32 	 9 3 	 1 1 	 0.592441
17 32 	 9 5 	 1 1 	 0.406267
17 32 	 9 9 	 1 1 	 0.524310
17 19 	 10 9 	 1 1 	 0.594996
17 19 	 10 10 	 1 1 	 0.453160
17 19 	 10 14 	 1 1 	 0.424440
17 19 	 10 15 	 1 1 	 0.543943
17 27 	 10 9 	 1 1 	 0.590578
17 27 	 10 10 	 1 1 	 0.544715
17 32 	 10 1 	 1 1 	 0.490670
17 32 	 10 4 	 1 1 	 0.528763
17 32 	 10 5 	 1 1 	 0.375273
17 19 	 11 13 	 1 1 	 0.448364
17 19 	 11 14 	 1 1 	 0.361173
17 19 	 11 15 	 1 1 	 0.332044
17 19 	 12 13 	 1 1 	 0.572347
17 19 	 12 14 	 1 1 	 0.539727
17 19 	 12 15 	 1 1 	 0.434877
17 19 	 13 14 	 1 1 	 0.546544
17 19 	 13 15 	 1 1 	 0.464092
17 19 	 14 10 	 1 1 	 0.574119
17 19 	 14 14 	 1 1 	 0.520849
17 19 	 14 15 	 1 1 	 0.506931
17 32 	 14 4 	 1 1 	 0.477809
17 32 	 14 5 	 1 1 	 0.449806
17 19 	 15 14 	 1 1 	 0.537873
17 19 	 15 15 	 1 1 	 0.429553
17 19 	 16 15 	 1 1 	 0.592778
18 31 	 3 4 	 1 1 	 0.592464
18 31 	 3 5 	 1 1 	 0.567621
18 29 	 4 2 	 1 1 	 0.528305
18 29 	 4 3 	 1 1 	 0.362624
18 29 	 4 4 	 1 1 	 0.475692
18 29 	 4 5 	 1 1 	 0.435862
18 31 	 4 4 	 1 1 	 0.473909
18 31 	 4 5 	 1 1 	 0.557241
18 29 	 5 2 	 1 1 	 0.586533
18 29 	 5 3 	 1 1 	 0.472103
18 29 	 5 4 	 1 1 	 0.583536
18 29 	 5 5 	 1 1 	 0.464152
18 31 	 5 3 	 1 1 	 0.495285
18 31 	 5 4 	 1 1 	 0.356624
18 31 	 5 5 	 1 1 	 0.379664
18 31 	 6 5 	 1 1 	 0.501576
18 31 	 7 5 	 1 1 	 0.511708
18 20 	 8 4 	 1 1 	 0.588075
18 29 	 8 5 	 1 1 	 0.566412
18 31 	 8 3 	 1 1 	 0.586304
18 31 	 8 4 	 1 1 	 0.389299
18 31 	 8 5 	 1 1 	 0.354438
18 31 	 8 9 	 1 1 	 0.560172
18 20 	 9 4 	 1 1 	 0.452775
18 28 	 9 10 	 1 1 	 0.586172
18 29 	 9 3 	 1 1 	 0.546036
18 29 	 9 4 	 1 1 	 0.377025
18 29 	 9 5 	 1 1 	 0.405723
18 31 	 9 4 	 1 1 	 0.382718
18 31 	 9 5 	 1 1 	 0.486749
18 31 	 9 8 	 1 1 	 0.585679
18 31 	 9 9 	 1 1 	 0.354025
18 31 	 9 10 	 1 1 	 0.563363
18 2 	 9 10 	 1 0 	 0.510298
18 20 	 10 3 	 1 1 	 0.565408
18 20 	 10 4 	 1 1 	 0.367388
18 20 	 10 5 	 1 1 	 0.483241
18 29 	 10 4 	 1 1 	 0.591862
18 29 	 10 5 	 1 1 	 0.589663
18 31 	 10 4 	 1 1 	 0.447218
18 31 	 10 5 	 1 1 	 0.457934
18 31 	 10 9 	 1 1 	 0.447827
18 2 	 10 10 	 1 0 	 0.597480
18 31 	 13 5 	 1 1 	 0.534079
18 20 	 14 2 	 1 1 	 0.596896
18 20 	 14 3 	 1 1 	 0.408364
18 20 	 14 4 	 1 1 	 0.423723
18 20 	 14 5 	 1 1 	 0.391266
18 31 	 14 3 	 1 1 	 0.581447
18 31 	 14 4 	 1 1 	 0.525259
18 31 	 14 5 	 1 1 	 0.415501
18 31 	 14 9 	 1 1 	 0.598969
18 20 	 15 3 	 1 1 	 0.513920
18 20 	 15 4 	 1 1 	 0.492335
18 20 	 15 5 	 1 1 	 0.391747
19 25 	 2 14 	 1 1 	 0.592717
19 27 	 2 15 	 1 1 	 0.569018
19 25 	 3 13 	 1 1 	 0.595569
19 25 	 3 14 	 1 1 	 0.400392
19 25 	 3 15 	 1 1 	 0.439652
19 27 	 3 15 	 1 1 	 0.569534
19 25 	 4 10 	 1 1 	 0.467394
19 25 	 4 14 	 1 1 	 0.377176
19 25 	 4 15 	 1 1 	 0.477294
19 27 	 4 9 	 1 1 	 0.535183
19 32 	 4 9 	 1 1 	 0.481852
19 32 	 4 10 	 1 1 	 0.512651
19 25 	 5 14 	 1 1 	 0.544136
19 25 	 5 15 	 1 1 	 0.595755
19 27 	 6 13 	 1 1 	 0.593595
19 27 	 6 14 	 1 1 	 0.510672
19 27 	 6 15 	 1 1 	 0.412389
19 27 	 7 14 	 1 1 	 0.452293
19 27 	 7 15 	 1 1 	 0.378320
19 25 	 8 14 	 1 1 	 0.526866
19 27 	 8 8 	 1 1 	 0.536057
19 27 	 8 9 	 1 1 	 0.495075
19 27 	 8 10 	 1 1 	 0.468048
19 27 	 8 13 	 1 1 	 0.594825
19 27 	 8 14 	 1 1 	 0.528619
19 27 	 8 15 	 1 1 	 0.363124
19 32 	 8 9 	 1 1 	 0.582708
19 25 	 9 9 	 1 1 	 0.583062
19 25 	 9 10 	 1 1 	 0.520067
19 25 	 9 14 	 1 1 	 0.577003
19 27 	 9 8 	 1 1 	 0.574844
19 27 	 9 9 	 1 1 	 0.392018
19 27 	 9 10 	 1 1 	 0.481217
19 27 	 9 15 	 1 1 	 0.596863
19 32 	 9 1 	 1 1 	 0.533619
19 32 	 9 2 	 1 1 	 0.596457
19 32 	 9 3 	 1 1 	 0.552410
19 32 	 9 5 	 1 1 	 0.478069
19 32 	 9 9 	 1 1 	 0.314328
19 32 	 9 10 	 1 1 	 0.478439
19 27 	 10 8 	 1 1 	 0.541103
19 27 	 10 9 	 1 1 	 0.397329
19 27 	 10 10 	 1 1 	 0.375965
19 27 	 10 15 	 1 1 	 0.472193
19 32 	 10 1 	 1 1 	 0.578629
19 32 	 10 5 	 1 1 	 0.491266
19 32 	 10 9 	 1 1 	 0.472144
19 27 	 11 14 	 1 1 	 0.462269
19 27 	 11 15 	 1 1 	 0.477841
19 27 	 12 14 	 1 1 	 0.461552
19 27 	 12 15 	 1 1 	 0.563543
19 27 	 13 14 	 1 1 	 0.362709
19 27 	 13 15 	 1 1 	 0.471768
19 27 	 14 10 	 1 1 	 0.468507
19 27 	 14 14 	 1 1 	 0.468566
19 27 	 14 15 	 1 1 	 0.467321
19 27 	 15 14 	 1 1 	 0.562463
19 27 	 16 14 	 1 1 	 0.525491
20 31 	 3 6 	 1 1 	 0.560833
20 31 	 3 8 	 1 1 	 0.448363
20 31 	 3 9 	 1 1 	 0.509283
20 31 	 4 4 	 1 1 	 0.580467
20 31 	 4 8 	 1 1 	 0.484880
20 31 	 4 9 	 1 1 	 0.369688
20 31 	 4 10 	 1 1 	 0.540686
20 24 	 4 14 	 1 0 	 0.586892
20 31 	 5 9 	 1 1 	 0.579732
20 24 	 5 14 	 1 0 	 0.590889
20 31 	 6 8 	 1 1 	 0.577224
20 31 	 7 8 	 1 1 	 0.515217
20 31 	 7 10 	 1 1 	 0.581380
20 29 	 8 9 	 1 1 	 0.595528
20 31 	 8 8 	 1 1 	 0.447537
20 31 	 8 9 	 1 1 	 0.455084
20 31 	 8 10 	 1 1 	 0.445855
20 5 	 8 4 	 1 0 	 0.598541
20 28 	 9 10 	 1 1 	 0.536692
20 29 	 9 9 	 1 1 	 0.430359
20 31 	 9 9 	 1 1 	 0.475733
20 31 	 9 10 	 1 1 	 0.484312
20 5 	 9 4 	 1 0 	 0.527712
20 8 	 9 9 	 1 0 	 0.531677
20 13 	 9 9 	 1 0 	 0.410433
20 13 	 9 10 	 1 0 	 0.513123
20 28 	 9 1 	 1 0 	 0.520283
20 28 	 9 5 	 1 0 	 0.458104
20 5 	 9 9 	 1 0 	 0.525433
20 28 	 10 10 	 1 1 	 0.589811
20 29 	 10 8 	 1 1 	 0.596591
20 29 	 10 9 	 1 1 	 0.357871
20 31 	 10 8 	 1 1 	 0.449356
20 31 	 10 9 	 1 1 	 0.404380
20 31 	 10 10 	 1 1 	 0.319276
20 5 	 10 4 	 1 0 	 0.388331
20 5 	 10 5 	 1 0 	 0.490309
20 29 	 10 10 	 1 0 	 0.566413
20 31 	 10 14 	 1 0 	 0.503385
20 28 	 10 1 	 1 0 	 0.563134
20 28 	 10 5 	 1 0 	 0.594933
20 5 	 10 9 	 1 0 	 0.530486
20 31 	 11 8 	 1 1 	 0.578131
20 5 	 11 5 	 1 0 	 0.568328
20 8 	 11 2 	 1 0 	 0.577695
20 8 	 13 3 	 1 0 	 0.596661
20 31 	 13 7 	 1 0 	 0.530965
20 31 	 13 8 	 1 0 	 0.551425
20 31 	 13 10 	 1 0 	 0.591776
20 31 	 13 11 	 1 0 	 0.549887
20 31 	 14 12 	 1 1 	 0.409552
20 31 	 14 13 	 1 1 	 0.357483
20 31 	 14 14 	 1 1 	 0.369088
20 31 	 14 15 	 1 1 	 0.485799
20 31 	 14 16 	 1 1 	 0.596485
20 31 	 14 6 	 1 0 	 0.556631
20 31 	 14 7 	 1 0 	 0.370688
20 31 	 14 8 	 1 0 	 0.434766
20 31 	 14 10 	 1 0 	 0.425403
20 31 	 14 11 	 1 0 	 0.323793
20 29 	 15 9 	 1 1 	 0.594517
20 31 	 15 6 	 1 1 	 0.539927
20 31 	 15 7 	 1 1 	 0.401986
20 31 	 15 8 	 1 1 	 0.342091
20 31 	 15 9 	 1 1 	 0.523267
20 31 	 15 10 	 1 1 	 0.354110
20 31 	 15 11 	 1 1 	 0.459195
20 5 	 15 3 	 1 0 	 0.569268
20 5 	 15 4 	 1 0 	 0.487378
20 5 	 15 5 	 1 0 	 0.430409
20 31 	 15 13 	 1 0 	 0.538494
20 31 	 15 14 	 1 0 	 0.455520
20 31 	 15 15 	 1 0 	 0.586696
21 26 	 1 15 	 1 1 	 0.597921
21 26 	 2 15 	 1 1 	 0.471184
21 23 	 3 15 	 1 1 	 0.589856
21 24 	 3 4 	 1 1 	 0.525443
21 26 	 3 15 	 1 1 	 0.500419
21 30 	 3 4 	 1 1 	 0.562777
21 30 	 3 5 	 1 1 	 0.476508
21 23 	 4 15 	 1 1 	 0.497937
21 24 	 4 4 	 1 1 	 0.443032
21 24 	 4 9 	 1 1 	 0.443538
21 26 	 4 14 	 1 1 	 0.541517
21 26 	 4 15 	 1 1 	 0.516521
21 30 	 4 4 	 1 1 	 0.482986
21 30 	 4 5 	 1 1 	 0.372716
21 30 	 4 8 	 1 1 	 0.468071
21 30 	 4 9 	 1 1 	 0.351649
21 30 	 4 10 	 1 1 	 0.392884
21 23 	 4 14 	 1 0 	 0.573770
21 23 	 5 15 	 1 1 	 0.352755
21 26 	 5 14 	 1 1 	 0.482205
21 26 	 5 15 	 1 1 	 0.391971
21 30 	 5 3 	 1 1 	 0.508496
21 30 	 5 4 	 1 1 	 0.468032
21 30 	 5 5 	 1 1 	 0.301738
21 30 	 5 8 	 1 1 	 0.485729
21 30 	 5 9 	 1 1 	 0.497771
21 30 	 5 10 	 1 1 	 0.470711
21 23 	 5 13 	 1 0 	 0.584572
21 23 	 5 14 	 1 0 	 0.504183
21 24 	 6 3 	 1 1 	 0.557526
21 24 	 6 4 	 1 1 	 0.516610
21 24 	 6 5 	 1 1 	 0.547654
21 26 	 6 14 	 1 1 	 0.595066
21 26 	 6 15 	 1 1 	 0.441555
21 24 	 7 3 	 1 1 	 0.564990
21 24 	 7 4 	 1 1 	 0.449912
21 24 	 7 5 	 1 1 	 0.466483
21 26 	 7 8 	 1 1 	 0.502619
21 26 	 7 10 	 1 1 	 0.524956
21 26 	 7 11 	 1 1 	 0.457984
21 26 	 7 12 	 1 1 	 0.526549
21 26 	 7 14 	 1 1 	 0.470001
21 26 	 7 15 	 1 1 	 0.380066
21 26 	 7 7 	 1 0 	 0.575787
21 26 	 7 13 	 1 0 	 0.513468
21 24 	 8 4 	 1 1 	 0.373027
21 24 	 8 5 	 1 1 	 0.465723
21 24 	 8 9 	 1 1 	 0.550725
21 26 	 8 8 	 1 1 	 0.398615
21 26 	 8 9 	 1 1 	 0.465504
21 26 	 8 10 	 1 1 	 0.390665
21 26 	 8 11 	 1 1 	 0.510197
21 26 	 8 14 	 1 1 	 0.342118
21 26 	 8 15 	 1 1 	 0.372535
21 30 	 8 10 	 1 1 	 0.564689
21 23 	 8 9 	 1 0 	 0.529751
21 26 	 8 7 	 1 0 	 0.575644
21 26 	 8 13 	 1 0 	 0.516710
21 22 	 9 8 	 1 1 	 0.577840
21 22 	 9 9 	 1 1 	 0.388013
21 22 	 9 10 	 1 1 	 0.450363
21 24 	 9 4 	 1 1 	 0.345980
21 24 	 9 5 	 1 1 	 0.449952
21 24 	 9 8 	 1 1 	 0.553218
21 24 	 9 9 	 1 1 	 0.398724
21 24 	 9 10 	 1 1 	 0.381320
21 26 	 9 8 	 1 1 	 0.483534
21 26 	 9 9 	 1 1 	 0.367806
21 26 	 9 10 	 1 1 	 0.345508
21 26 	 9 14 	 1 1 	 0.518453
21 28 	 9 3 	 1 1 	 0.593924
21 28 	 9 4 	 1 1 	 0.431750
21 28 	 9 5 	 1 1 	 0.596698
21 30 	 9 9 	 1 1 	 0.586895
21 30 	 9 10 	 1 1 	 0.544321
21 23 	 9 9 	 1 0 	 0.481370
21 23 	 9 10 	 1 0 	 0.598410
21 22 	 10 9 	 1 1 	 0.554539
21 23 	 10 15 	 1 1 	 0.575300
21 24 	 10 4 	 1 1 	 0.409128
21 24 	 10 5 	 1 1 	 0.572546
21 24 	 10 9 	 1 1 	 0.408905
21 24 	 10 10 	 1 1 	 0.489713
21 26 	 10 8 	 1 1 	 0.503026
21 26 	 10 9 	 1 1 	 0.438804
21 26 	 10 10 	 1 1 	 0.469261
21 26 	 10 14 	 1 1 	 0.383359
21 26 	 10 15 	 1 1 	 0.491572
21 28 	 10 3 	 1 1 	 0.506523
21 28 	 10 4 	 1 1 	 0.443024
21 28 	 10 5 	 1 1 	 0.598276
21 30 	 10 8 	 1 1 	 0.568896
21 30 	 10 9 	 1 1 	 0.429979
21 30 	 10 10 	 1 1 	 0.354055
21 23 	 10 8 	 1 0 	 0.589198
21 23 	 10 9 	 1 0 	 0.373030
21 23 	 10 10 	 1 0 	 0.534701
21 23 	 10 14 	 1 0 	 0.554281
21 24 	 11 4 	 1 1 	 0.530406
21 24 	 11 5 	 1 1 	 0.469662
21 26 	 11 8 	 1 1 	 0.447998
21 26 	 11 10 	 1 1 	 0.445350
21 26 	 11 11 	 1 1 	 0.383631
21 26 	 11 12 	 1 1 	 0.512549
21 26 	 11 14 	 1 1 	 0.553098
21 26 	 11 15 	 1 1 	 0.504077
21 26 	 11 7 	 1 0 	 0.458643
21 26 	 11 13 	 1 0 	 0.553455
21 24 	 12 5 	 1 1 	 0.493871
21 26 	 12 8 	 1 1 	 0.580704
21 26 	 12 10 	 1 1 	 0.530275
21 26 	 12 11 	 1 1 	 0.502341
21 26 	 12 7 	 1 0 	 0.529272
21 24 	 13 3 	 1 1 	 0.596846
21 24 	 13 4 	 1 1 	 0.512383
21 24 	 13 5 	 1 1 	 0.372823
21 26 	 13 8 	 1 1 	 0.520324
21 26 	 13 9 	 1 1 	 0.587225
21 26 	 13 10 	 1 1 	 0.370813
21 26 	 13 11 	 1 1 	 0.584361
21 26 	 13 7 	 1 0 	 0.553169
21 22 	 13 5 	 1 0 	 0.557923
21 22 	 14 8 	 1 1 	 0.453238
21 22 	 14 9 	 1 1 	 0.588692
21 22 	 14 10 	 1 1 	 0.464845
21 24 	 14 5 	 1 1 	 0.543677
21 26 	 14 9 	 1 1 	 0.586894
21 26 	 14 10 	 1 1 	 0.406441
21 26 	 14 4 	 1 0 	 0.582745
21 22 	 14 3 	 1 0 	 0.495514
21 22 	 14 5 	 1 0 	 0.317143
21 22 	 14 6 	 1 0 	 0.520664
21 22 	 14 4 	 1 0 	 0.516395
21 22 	 15 8 	 1 1 	 0.595711
21 24 	 15 4 	 1 1 	 0.599801
21 24 	 15 5 	 1 1 	 0.413079
21 26 	 15 10 	 1 1 	 0.537553
21 22 	 15 5 	 1 0 	 0.532431
22 8 	 2 15 	 1 0 	 0.515934
22 8 	 3 15 	 1 0 	 0.474980
22 21 	 3 14 	 1 0 	 0.495514
22 26 	 3 3 	 1 0 	 0.596279
22 26 	 3 4 	 1 0 	 0.590232
22 8 	 4 14 	 1 0 	 0.502229
22 15 	 4 5 	 1 0 	 0.597857
22 26 	 4 1 	 1 0 	 0.593389
22 26 	 4 2 	 1 0 	 0.471101
22 26 	 4 3 	 1 0 	 0.318373
22 26 	 4 4 	 1 0 	 0.330117
22 26 	 4 5 	 1 0 	 0.472717
22 26 	 4 6 	 1 0 	 0.586484
22 21 	 4 14 	 1 0 	 0.516395
22 26 	 4 10 	 1 0 	 0.561757
22 8 	 5 15 	 1 0 	 0.420499
22 21 	 5 13 	 1 0 	 0.557923
22 21 	 5 14 	 1 0 	 0.317143
22 21 	 5 15 	 1 0 	 0.532431
22 26 	 5 9 	 1 0 	 0.579185
22 26 	 5 10 	 1 0 	 0.482262
22 8 	 5 14 	 1 0 	 0.534725
22 26 	 5 2 	 1 0 	 0.597192
22 26 	 5 3 	 1 0 	 0.479328
22 26 	 5 4 	 1 0 	 0.406442
22 26 	 5 5 	 1 0 	 0.585983
22 8 	 6 11 	 1 0 	 0.540683
22 8 	 6 12 	 1 0 	 0.573630
22 8 	 6 13 	 1 0 	 0.576521
22 8 	 6 15 	 1 0 	 0.372622
22 21 	 6 14 	 1 0 	 0.520664
22 8 	 6 14 	 1 0 	 0.554356
22 8 	 7 11 	 1 0 	 0.411137
22 8 	 7 12 	 1 0 	 0.520445
22 8 	 7 13 	 1 0 	 0.539823
22 8 	 7 15 	 1 0 	 0.378290
22 8 	 7 8 	 1 0 	 0.566752
22 8 	 7 10 	 1 0 	 0.446527
22 13 	 7 13 	 1 0 	 0.559348
22 13 	 7 14 	 1 0 	 0.594274
22 8 	 7 14 	 1 0 	 0.508426
22 26 	 8 9 	 1 1 	 0.576134
22 26 	 8 10 	 1 1 	 0.555095
22 8 	 8 14 	 1 0 	 0.485137
22 15 	 8 9 	 1 0 	 0.598089
22 26 	 8 4 	 1 0 	 0.588465
22 8 	 8 11 	 1 0 	 0.584681
22 8 	 8 15 	 1 0 	 0.454737
22 24 	 9 9 	 1 1 	 0.581385
22 24 	 9 10 	 1 1 	 0.415650
22 26 	 9 9 	 1 1 	 0.437332
22 26 	 9 10 	 1 1 	 0.492693
22 28 	 9 4 	 1 1 	 0.359152
22 28 	 9 5 	 1 1 	 0.477596
22 8 	 9 14 	 1 0 	 0.491417
22 15 	 9 9 	 1 0 	 0.425356
22 26 	 9 4 	 1 0 	 0.592437
22 8 	 9 15 	 1 0 	 0.582797
22 26 	 10 8 	 1 1 	 0.576120
22 26 	 10 9 	 1 1 	 0.341886
22 26 	 10 10 	 1 1 	 0.375642
22 28 	 10 4 	 1 1 	 0.494096
22 8 	 10 14 	 1 0 	 0.351198
22 15 	 10 9 	 1 0 	 0.399746
22 26 	 10 4 	 1 0 	 0.390037
22 26 	 10 5 	 1 0 	 0.586908
22 8 	 10 13 	 1 0 	 0.597941
22 8 	 10 15 	 1 0 	 0.410884
22 8 	 11 11 	 1 0 	 0.361364
22 8 	 11 12 	 1 0 	 0.516281
22 8 	 11 15 	 1 0 	 0.513400
22 8 	 11 6 	 1 0 	 0.587963
22 8 	 11 8 	 1 0 	 0.516365
22 8 	 11 10 	 1 0 	 0.483236
22 8 	 12 11 	 1 0 	 0.499520
22 8 	 13 11 	 1 0 	 0.546921
22 8 	 13 6 	 1 0 	 0.592562
22 8 	 13 8 	 1 0 	 0.570980
22 13 	 13 7 	 1 0 	 0.474147
22 13 	 13 8 	 1 0 	 0.533252
22 13 	 13 11 	 1 0 	 0.561909
22 8 	 13 5 	 1 0 	 0.587573
22 13 	 13 5 	 1 0 	 0.575563
22 8 	 14 3 	 1 0 	 0.562458
22 8 	 14 4 	 1 0 	 0.479039
22 8 	 14 5 	 1 0 	 0.406030
22 13 	 14 3 	 1 0 	 0.598942
22 13 	 14 4 	 1 0 	 0.579415
22 13 	 14 5 	 1 0 	 0.411001
22 8 	 14 7 	 1 0 	 0.448698
22 13 	 14 6 	 1 0 	 0.442370
22 8 	 14 11 	 1 0 	 0.558620
22 8 	 14 2 	 1 0 	 0.599404
22 8 	 14 6 	 1 0 	 0.539317
22 8 	 15 11 	 1 0 	 0.518950
22 8 	 15 2 	 1 0 	 0.428274
22 8 	 15 1 	 1 0 	 0.562000
22 8 	 15 6 	 1 0 	 0.411342
22 8 	 15 8 	 1 0 	 0.422035
22 8 	 15 9 	 1 0 	 0.521806
22 8 	 15 10 	 1 0 	 0.537252
22 13 	 15 7 	 1 0 	 0.550009
22 13 	 15 8 	 1 0 	 0.552548
22 8 	 15 3 	 1 0 	 0.455811
22 8 	 15 4 	 1 0 	 0.494597
22 8 	 15 5 	 1 0 	 0.354988
22 13 	 15 5 	 1 0 	 0.451807
23 26 	 3 5 	 1 1 	 0.571886
23 26 	 3 13 	 1 1 	 0.583860
23 26 	 4 1 	 1 1 	 0.594764
23 26 	 4 2 	 1 1 	 0.533226
23 26 	 4 3 	 1 1 	 0.550096
23 26 	 4 5 	 1 1 	 0.402515
23 26 	 4 6 	 1 1 	 0.364387
23 26 	 4 7 	 1 1 	 0.363707
23 26 	 4 13 	 1 1 	 0.393775
23 26 	 4 8 	 1 0 	 0.397080
23 26 	 4 9 	 1 0 	 0.587868
23 26 	 4 11 	 1 0 	 0.402887
23 26 	 4 12 	 1 0 	 0.440387
23 26 	 4 14 	 1 0 	 0.503740
23 26 	 4 16 	 1 0 	 0.574168
23 26 	 5 4 	 1 1 	 0.594222
23 26 	 5 5 	 1 1 	 0.406373
23 26 	 5 6 	 1 1 	 0.534117
23 26 	 5 7 	 1 1 	 0.535935
23 26 	 5 13 	 1 1 	 0.509370
23 26 	 5 8 	 1 0 	 0.473135
23 26 	 5 9 	 1 0 	 0.561757
23 26 	 5 11 	 1 0 	 0.584871
23 26 	 5 14 	 1 0 	 0.520216
23 26 	 6 13 	 1 1 	 0.563824
23 26 	 6 14 	 1 0 	 0.581937
23 26 	 7 13 	 1 1 	 0.440151
23 26 	 7 8 	 1 0 	 0.599034
23 26 	 7 14 	 1 0 	 0.406334
23 26 	 7 15 	 1 0 	 0.529441
23 26 	 8 13 	 1 1 	 0.566421
23 30 	 8 12 	 1 1 	 0.577365
23 30 	 8 13 	 1 1 	 0.542716
23 30 	 8 14 	 1 1 	 0.467839
23 30 	 8 15 	 1 1 	 0.393473
23 21 	 8 10 	 1 0 	 0.589198
23 26 	 8 8 	 1 0 	 0.578635
23 26 	 8 9 	 1 0 	 0.561548
23 26 	 8 14 	 1 0 	 0.396303
23 26 	 8 15 	 1 0 	 0.583394
23 30 	 8 10 	 1 0 	 0.534894
23 30 	 9 14 	 1 1 	 0.468587
23 30 	 9 15 	 1 1 	 0.375742
23 21 	 9 8 	 1 0 	 0.529751
23 21 	 9 9 	 1 0 	 0.481370
23 21 	 9 10 	 1 0 	 0.373030
23 26 	 9 8 	 1 0 	 0.507722
23 26 	 9 9 	 1 0 	 0.382538
23 26 	 9 10 	 1 0 	 0.558194
23 26 	 9 14 	 1 0 	 0.388703
23 26 	 9 15 	 1 0 	 0.597395
23 28 	 9 2 	 1 0 	 0.550409
23 28 	 9 3 	 1 0 	 0.424957
23 28 	 9 4 	 1 0 	 0.368591
23 28 	 9 5 	 1 0 	 0.550059
23 30 	 9 8 	 1 0 	 0.582542
23 30 	 9 9 	 1 0 	 0.576919
23 30 	 9 10 	 1 0 	 0.382590
23 26 	 10 4 	 1 1 	 0.536736
23 26 	 10 5 	 1 1 	 0.479430
23 30 	 10 14 	 1 1 	 0.502840
23 30 	 10 15 	 1 1 	 0.489434
23 21 	 10 9 	 1 0 	 0.598410
23 21 	 10 10 	 1 0 	 0.534701
23 26 	 10 8 	 1 0 	 0.436769
23 26 	 10 9 	 1 0 	 0.347562
23 26 	 10 10 	 1 0 	 0.539465
23 26 	 10 14 	 1 0 	 0.417309
23 28 	 10 4 	 1 0 	 0.512769
23 30 	 10 10 	 1 0 	 0.596087
23 26 	 11 13 	 1 1 	 0.369920
23 26 	 11 12 	 1 0 	 0.563834
23 26 	 11 14 	 1 0 	 0.371476
23 26 	 11 15 	 1 0 	 0.410993
23 26 	 12 13 	 1 1 	 0.495420
23 26 	 12 14 	 1 0 	 0.529696
23 26 	 12 15 	 1 0 	 0.490112
23 30 	 13 11 	 1 1 	 0.559447
23 30 	 13 12 	 1 1 	 0.561505
23 21 	 13 5 	 1 0 	 0.584572
23 26 	 13 14 	 1 0 	 0.533660
23 26 	 13 15 	 1 0 	 0.545308
23 30 	 13 1 	 1 0 	 0.589177
23 30 	 13 2 	 1 0 	 0.539803
23 30 	 13 3 	 1 0 	 0.564051
23 30 	 13 5 	 1 0 	 0.565512
23 30 	 13 6 	 1 0 	 0.549040
23 30 	 13 7 	 1 0 	 0.522200
23 30 	 13 8 	 1 0 	 0.561793
23 30 	 14 11 	 1 1 	 0.400346
23 30 	 14 12 	 1 1 	 0.471958
23 30 	 14 13 	 1 1 	 0.521240
23 30 	 14 15 	 1 1 	 0.403863
23 30 	 14 16 	 1 1 	 0.597896
23 21 	 14 4 	 1 0 	 0.573770
23 21 	 14 5 	 1 0 	 0.504183
23 21 	 14 10 	 1 0 	 0.554281
23 26 	 14 14 	 1 0 	 0.456282
23 26 	 14 15 	 1 0 	 0.546064
23 28 	 14 3 	 1 0 	 0.589744
23 30 	 14 2 	 1 0 	 0.556639
23 30 	 14 3 	 1 0 	 0.549929
23 30 	 14 5 	 1 0 	 0.464375
23 30 	 14 6 	 1 0 	 0.466066
23 30 	 14 7 	 1 0 	 0.354696
23 30 	 14 8 	 1 0 	 0.336065
23 30 	 14 9 	 1 0 	 0.532745
23 30 	 14 10 	 1 0 	 0.342129
23 26 	 15 14 	 1 1 	 0.430546
23 26 	 15 15 	 1 1 	 0.422418
23 30 	 15 2 	 1 1 	 0.508273
23 30 	 15 3 	 1 1 	 0.447308
23 30 	 15 4 	 1 1 	 0.579184
23 30 	 15 5 	 1 1 	 0.361450
23 30 	 15 6 	 1 1 	 0.486657
23 30 	 15 7 	 1 1 	 0.471682
23 30 	 15 8 	 1 1 	 0.402623
23 30 	 15 9 	 1 1 	 0.581643
23 30 	 15 10 	 1 1 	 0.439933
23 26 	 15 13 	 1 0 	 0.574919
23 30 	 15 11 	 1 0 	 0.573341
24 26 	 4 10 	 1 1 	 0.598343
24 26 	 5 10 	 1 1 	 0.589523
24 13 	 7 12 	 1 0 	 0.540518
24 28 	 9 3 	 1 1 	 0.561043
24 28 	 9 4 	 1 1 	 0.545840
24 28 	 9 5 	 1 1 	 0.565506
24 28 	 9 9 	 1 1 	 0.584365
24 30 	 9 9 	 1 1 	 0.410323
24 30 	 9 10 	 1 1 	 0.528689
24 28 	 10 3 	 1 1 	 0.598021
24 28 	 10 4 	 1 1 	 0.493474
24 28 	 10 5 	 1 1 	 0.512715
24 30 	 10 9 	 1 1 	 0.582767
24 16 	 10 5 	 1 0 	 0.578913
24 13 	 11 12 	 1 0 	 0.491841
24 16 	 13 1 	 1 0 	 0.531241
24 16 	 13 2 	 1 0 	 0.552490
24 13 	 14 3 	 1 0 	 0.523046
24 13 	 14 4 	 1 0 	 0.389886
24 13 	 14 5 	 1 0 	 0.574843
24 16 	 14 1 	 1 0 	 0.330518
24 16 	 14 2 	 1 0 	 0.352985
24 16 	 14 3 	 1 0 	 0.387461
24 16 	 14 5 	 1 0 	 0.418200
24 20 	 14 4 	 1 0 	 0.586892
24 20 	 14 5 	 1 0 	 0.590889
24 13 	 15 4 	 1 0 	 0.590947
24 16 	 15 1 	 1 0 	 0.317592
24 16 	 15 2 	 1 0 	 0.387465
24 16 	 15 3 	 1 0 	 0.526637
25 27 	 3 5 	 1 1 	 0.574697
25 27 	 4 5 	 1 1 	 0.564387
25 32 	 4 6 	 1 1 	 0.478921
25 32 	 4 7 	 1 1 	 0.356793
25 32 	 4 8 	 1 1 	 0.519016
25 32 	 4 10 	 1 1 	 0.589909
25 32 	 4 11 	 1 1 	 0.459763
25 32 	 4 12 	 1 1 	 0.573109
25 32 	 4 13 	 1 1 	 0.516276
25 32 	 4 14 	 1 1 	 0.564742
25 27 	 5 4 	 1 1 	 0.482474
25 27 	 5 5 	 1 1 	 0.369542
25 27 	 5 9 	 1 1 	 0.594876
25 32 	 5 7 	 1 1 	 0.545325
25 27 	 8 4 	 1 1 	 0.569692
25 27 	 8 5 	 1 1 	 0.547599
25 27 	 8 7 	 1 1 	 0.530183
25 27 	 8 8 	 1 1 	 0.441363
25 27 	 8 9 	 1 1 	 0.477228
25 27 	 8 11 	 1 1 	 0.597211
25 32 	 8 10 	 1 1 	 0.547139
25 27 	 9 4 	 1 1 	 0.474575
25 27 	 9 5 	 1 1 	 0.530962
25 27 	 9 8 	 1 1 	 0.466760
25 27 	 9 9 	 1 1 	 0.323717
25 27 	 9 10 	 1 1 	 0.529153
25 32 	 9 1 	 1 1 	 0.521983
25 32 	 9 2 	 1 1 	 0.507313
25 32 	 9 6 	 1 1 	 0.380233
25 32 	 9 7 	 1 1 	 0.422766
25 32 	 9 8 	 1 1 	 0.388996
25 32 	 9 9 	 1 1 	 0.384392
25 32 	 9 10 	 1 1 	 0.336982
25 32 	 9 14 	 1 1 	 0.549941
25 27 	 10 4 	 1 1 	 0.566309
25 27 	 10 7 	 1 1 	 0.572347
25 27 	 10 8 	 1 1 	 0.385258
25 27 	 10 9 	 1 1 	 0.333751
25 27 	 10 10 	 1 1 	 0.510731
25 32 	 10 6 	 1 1 	 0.546686
25 32 	 10 8 	 1 1 	 0.530435
25 32 	 10 9 	 1 1 	 0.426249
25 32 	 10 10 	 1 1 	 0.370910
25 27 	 13 7 	 1 1 	 0.563058
25 27 	 13 8 	 1 1 	 0.558230
25 27 	 13 11 	 1 1 	 0.445934
25 27 	 13 12 	 1 1 	 0.523409
25 27 	 14 7 	 1 1 	 0.543744
25 27 	 14 8 	 1 1 	 0.413909
25 27 	 14 9 	 1 1 	 0.517960
25 27 	 14 10 	 1 1 	 0.587443
25 27 	 14 11 	 1 1 	 0.461239
25 27 	 14 12 	 1 1 	 0.573429
25 27 	 14 15 	 1 1 	 0.563194
26 22 	 1 4 	 1 0 	 0.593389
26 22 	 2 4 	 1 0 	 0.471101
26 22 	 2 5 	 1 0 	 0.597192
26 8 	 3 15 	 1 0 	 0.597344
26 22 	 3 4 	 1 0 	 0.318373
26 22 	 3 3 	 1 0 	 0.596279
26 22 	 3 5 	 1 0 	 0.479328
26 21 	 4 14 	 1 0 	 0.582745
26 22 	 4 8 	 1 0 	 0.588465
26 22 	 4 9 	 1 0 	 0.592437
26 22 	 4 10 	 1 0 	 0.390037
26 8 	 4 13 	 1 0 	 0.580845
26 8 	 4 15 	 1 0 	 0.420801
26 22 	 4 4 	 1 0 	 0.330117
26 22 	 4 3 	 1 0 	 0.590232
26 22 	 4 5 	 1 0 	 0.406442
26 22 	 5 10 	 1 0 	 0.586908
26 22 	 5 4 	 1 0 	 0.472717
26 22 	 5 5 	 1 0 	 0.585983
26 22 	 6 4 	 1 0 	 0.586484
26 21 	 7 7 	 1 0 	 0.575787
26 21 	 7 8 	 1 0 	 0.575644
26 21 	 7 11 	 1 0 	 0.458643
26 21 	 7 12 	 1 0 	 0.529272
26 21 	 7 13 	 1 0 	 0.553169
26 23 	 8 4 	 1 0 	 0.397080
26 23 	 8 5 	 1 0 	 0.473135
26 23 	 8 7 	 1 0 	 0.599034
26 23 	 8 8 	 1 0 	 0.578635
26 23 	 8 9 	 1 0 	 0.507722
26 23 	 8 10 	 1 0 	 0.436769
26 28 	 9 4 	 1 1 	 0.461681
26 8 	 9 14 	 1 0 	 0.499828
26 15 	 9 4 	 1 0 	 0.508784
26 15 	 9 5 	 1 0 	 0.532443
26 15 	 9 9 	 1 0 	 0.382241
26 15 	 9 10 	 1 0 	 0.563485
26 23 	 9 4 	 1 0 	 0.587868
26 23 	 9 5 	 1 0 	 0.561757
26 23 	 9 8 	 1 0 	 0.561548
26 23 	 9 9 	 1 0 	 0.382538
26 23 	 9 10 	 1 0 	 0.347562
26 22 	 9 5 	 1 0 	 0.579185
26 15 	 10 9 	 1 0 	 0.581148
26 23 	 10 9 	 1 0 	 0.558194
26 23 	 10 10 	 1 0 	 0.539465
26 22 	 10 5 	 1 0 	 0.482262
26 22 	 10 4 	 1 0 	 0.561757
26 23 	 11 4 	 1 0 	 0.402887
26 23 	 11 5 	 1 0 	 0.584871
26 23 	 12 4 	 1 0 	 0.440387
26 23 	 12 11 	 1 0 	 0.563834
26 21 	 13 7 	 1 0 	 0.513468
26 21 	 13 8 	 1 0 	 0.516710
26 21 	 13 11 	 1 0 	 0.553455
26 23 	 13 15 	 1 0 	 0.574919
26 30 	 14 10 	 1 1 	 0.526896
26 23 	 14 4 	 1 0 	 0.503740
26 23 	 14 5 	 1 0 	 0.520216
26 23 	 14 6 	 1 0 	 0.581937
26 23 	 14 7 	 1 0 	 0.406334
26 23 	 14 8 	 1 0 	 0.396303
26 23 	 14 9 	 1 0 	 0.388703
26 23 	 14 10 	 1 0 	 0.417309
26 23 	 14 11 	 1 0 	 0.371476
26 23 	 14 12 	 1 0 	 0.529696
26 23 	 14 13 	 1 0 	 0.533660
26 23 	 14 14 	 1 0 	 0.456282
26 23 	 15 7 	 1 0 	 0.529441
26 23 	 15 8 	 1 0 	 0.583394
26 23 	 15 9 	 1 0 	 0.597395
26 23 	 15 11 	 1 0 	 0.410993
26 23 	 15 12 	 1 0 	 0.490112
26 23 	 15 13 	 1 0 	 0.545308
26 23 	 15 14 	 1 0 	 0.546064
26 23 	 16 4 	 1 0 	 0.574168
27 32 	 4 1 	 1 1 	 0.588789
27 32 	 9 1 	 1 1 	 0.470975
27 32 	 9 2 	 1 1 	 0.547344
27 32 	 9 5 	 1 1 	 0.582440
27 32 	 9 6 	 1 1 	 0.534423
27 32 	 9 8 	 1 1 	 0.544613
27 32 	 9 9 	 1 1 	 0.367252
27 32 	 9 10 	 1 1 	 0.482421
27 32 	 10 9 	 1 1 	 0.562130
28 30 	 1 9 	 1 1 	 0.590995
28 30 	 1 10 	 1 1 	 0.561724
28 5 	 1 8 	 1 0 	 0.552985
28 5 	 1 9 	 1 0 	 0.323658
28 5 	 1 10 	 1 0 	 0.339111
28 30 	 1 13 	 1 0 	 0.588179
28 30 	 1 14 	 1 0 	 0.512830
28 30 	 1 15 	 1 0 	 0.472410
28 16 	 1 4 	 1 0 	 0.555106
28 20 	 1 9 	 1 0 	 0.520283
28 20 	 1 10 	 1 0 	 0.563134
28 29 	 1 8 	 1 0 	 0.450382
28 29 	 1 9 	 1 0 	 0.300370
28 5 	 1 4 	 1 0 	 0.529228
28 29 	 1 10 	 1 0 	 0.306129
28 29 	 1 13 	 1 0 	 0.589250
28 30 	 2 7 	 1 1 	 0.544175
28 30 	 2 8 	 1 1 	 0.512821
28 30 	 2 9 	 1 1 	 0.492494
28 30 	 2 10 	 1 1 	 0.439146
28 5 	 2 9 	 1 0 	 0.437956
28 5 	 2 10 	 1 0 	 0.391303
28 23 	 2 9 	 1 0 	 0.550409
28 30 	 2 11 	 1 0 	 0.510873
28 30 	 2 13 	 1 0 	 0.480135
28 30 	 2 14 	 1 0 	 0.456532
28 30 	 2 15 	 1 0 	 0.357237
28 29 	 2 8 	 1 0 	 0.498597
28 29 	 2 9 	 1 0 	 0.428239
28 29 	 2 10 	 1 0 	 0.373730
28 29 	 2 13 	 1 0 	 0.588760
28 30 	 3 8 	 1 1 	 0.492375
28 30 	 3 9 	 1 1 	 0.390249
28 30 	 3 10 	 1 1 	 0.332236
28 5 	 3 9 	 1 0 	 0.458768
28 5 	 3 10 	 1 0 	 0.470483
28 15 	 3 9 	 1 0 	 0.585649
28 15 	 3 10 	 1 0 	 0.577527
28 23 	 3 9 	 1 0 	 0.424957
28 23 	 3 14 	 1 0 	 0.589744
28 30 	 3 13 	 1 0 	 0.592312
28 30 	 3 14 	 1 0 	 0.510225
28 30 	 3 15 	 1 0 	 0.395156
28 29 	 3 9 	 1 0 	 0.549790
28 29 	 3 10 	 1 0 	 0.548861
28 30 	 4 9 	 1 1 	 0.560016
28 30 	 4 10 	 1 1 	 0.481029
28 5 	 4 9 	 1 0 	 0.447086
28 5 	 4 10 	 1 0 	 0.525276
28 15 	 4 8 	 1 0 	 0.592642
28 15 	 4 9 	 1 0 	 0.353898
28 15 	 4 10 	 1 0 	 0.435018
28 23 	 4 9 	 1 0 	 0.368591
28 23 	 4 10 	 1 0 	 0.512769
28 30 	 4 14 	 1 0 	 0.577455
28 30 	 4 15 	 1 0 	 0.532611
28 30 	 5 9 	 1 1 	 0.561582
28 30 	 5 10 	 1 1 	 0.545290
28 5 	 5 9 	 1 0 	 0.352652
28 5 	 5 10 	 1 0 	 0.476319
28 15 	 5 9 	 1 0 	 0.513666
28 15 	 5 10 	 1 0 	 0.534829
28 23 	 5 9 	 1 0 	 0.550059
28 30 	 5 15 	 1 0 	 0.586563
28 8 	 5 4 	 1 0 	 0.532791
28 16 	 5 4 	 1 0 	 0.581508
28 16 	 5 5 	 1 0 	 0.533391
28 20 	 5 9 	 1 0 	 0.458104
28 20 	 5 10 	 1 0 	 0.594933
28 29 	 5 9 	 1 0 	 0.502732
28 29 	 5 10 	 1 0 	 0.581001
28 30 	 6 7 	 1 1 	 0.474658
28 30 	 6 8 	 1 1 	 0.493600
28 30 	 6 9 	 1 1 	 0.528201
28 30 	 6 10 	 1 1 	 0.513923
28 5 	 6 9 	 1 0 	 0.595193
28 5 	 6 10 	 1 0 	 0.525027
28 30 	 6 11 	 1 0 	 0.452470
28 30 	 6 13 	 1 0 	 0.491393
28 30 	 6 14 	 1 0 	 0.570465
28 30 	 6 15 	 1 0 	 0.451247
28 2 	 6 9 	 1 0 	 0.587681
28 29 	 6 4 	 1 0 	 0.563195
28 29 	 6 8 	 1 0 	 0.398864
28 29 	 6 9 	 1 0 	 0.450698
28 29 	 6 7 	 1 0 	 0.551328
28 29 	 6 10 	 1 0 	 0.363300
28 29 	 6 11 	 1 0 	 0.572497
28 29 	 6 13 	 1 0 	 0.561607
28 30 	 7 11 	 1 1 	 0.404328
28 30 	 7 12 	 1 1 	 0.535255
28 30 	 7 13 	 1 1 	 0.462330
28 30 	 7 15 	 1 1 	 0.528459
28 30 	 7 7 	 1 0 	 0.466144
28 30 	 7 8 	 1 0 	 0.581100
28 29 	 7 6 	 1 0 	 0.555712
28 29 	 7 7 	 1 0 	 0.459760
28 29 	 7 10 	 1 0 	 0.409167
28 29 	 7 11 	 1 0 	 0.471530
28 29 	 7 12 	 1 0 	 0.531026
28 29 	 7 13 	 1 0 	 0.483962
28 29 	 7 4 	 1 0 	 0.594919
28 29 	 7 8 	 1 0 	 0.396718
28 29 	 7 9 	 1 0 	 0.558398
28 30 	 8 7 	 1 1 	 0.505248
28 30 	 8 8 	 1 1 	 0.505420
28 30 	 8 9 	 1 1 	 0.516484
28 30 	 8 10 	 1 1 	 0.530491
28 5 	 8 10 	 1 0 	 0.569809
28 30 	 8 11 	 1 0 	 0.502946
28 30 	 8 13 	 1 0 	 0.557925
28 30 	 8 15 	 1 0 	 0.511743
28 2 	 8 9 	 1 0 	 0.520963
28 16 	 8 4 	 1 0 	 0.577507
28 29 	 8 4 	 1 0 	 0.507896
28 29 	 8 8 	 1 0 	 0.381834
28 29 	 8 9 	 1 0 	 0.440833
28 29 	 8 7 	 1 0 	 0.545979
28 29 	 8 10 	 1 0 	 0.381158
28 29 	 8 11 	 1 0 	 0.589352
28 30 	 9 8 	 1 1 	 0.492109
28 30 	 9 9 	 1 1 	 0.357360
28 30 	 9 10 	 1 1 	 0.482157
28 2 	 9 9 	 1 0 	 0.342347
28 16 	 9 4 	 1 0 	 0.434331
28 16 	 9 5 	 1 0 	 0.486232
28 29 	 9 4 	 1 0 	 0.533555
28 29 	 9 8 	 1 0 	 0.571154
28 29 	 9 9 	 1 0 	 0.557949
28 29 	 9 10 	 1 0 	 0.599034
28 29 	 10 4 	 1 1 	 0.362996
28 29 	 10 5 	 1 1 	 0.557043
28 29 	 10 8 	 1 1 	 0.374179
28 29 	 10 9 	 1 1 	 0.365153
28 31 	 10 9 	 1 1 	 0.541045
28 31 	 10 10 	 1 1 	 0.588303
28 29 	 10 7 	 1 0 	 0.582286
28 29 	 10 10 	 1 0 	 0.434384
28 2 	 10 10 	 1 0 	 0.521037
28 9 	 10 9 	 1 0 	 0.570822
28 16 	 10 9 	 1 0 	 0.476569
28 30 	 10 9 	 1 0 	 0.563599
28 30 	 11 11 	 1 1 	 0.344171
28 30 	 11 12 	 1 1 	 0.476138
28 30 	 11 13 	 1 1 	 0.490412
28 30 	 11 15 	 1 1 	 0.598202
28 30 	 11 6 	 1 0 	 0.498617
28 30 	 11 7 	 1 0 	 0.392291
28 30 	 11 8 	 1 0 	 0.569619
28 29 	 11 7 	 1 0 	 0.587831
28 29 	 11 11 	 1 0 	 0.598226
28 29 	 11 13 	 1 0 	 0.597545
28 29 	 11 8 	 1 0 	 0.571661
28 30 	 12 11 	 1 1 	 0.493337
28 30 	 12 6 	 1 0 	 0.529704
28 30 	 12 7 	 1 0 	 0.505634
28 30 	 13 6 	 1 1 	 0.516610
28 30 	 13 7 	 1 1 	 0.520862
28 30 	 13 11 	 1 0 	 0.577158
28 2 	 13 4 	 1 0 	 0.447204
28 30 	 14 4 	 1 1 	 0.597615
28 30 	 14 6 	 1 1 	 0.549131
28 30 	 14 7 	 1 1 	 0.550267
28 30 	 14 8 	 1 1 	 0.533221
28 30 	 14 9 	 1 1 	 0.575029
28 2 	 14 1 	 1 0 	 0.583761
28 2 	 14 3 	 1 0 	 0.553287
28 2 	 14 4 	 1 0 	 0.364506
28 2 	 14 5 	 1 0 	 0.464947
28 2 	 14 9 	 1 0 	 0.407870
28 29 	 14 4 	 1 0 	 0.565925
28 30 	 15 2 	 1 1 	 0.493015
28 30 	 15 3 	 1 1 	 0.524836
28 30 	 15 4 	 1 1 	 0.507444
28 30 	 15 5 	 1 1 	 0.557474
28 30 	 15 6 	 1 1 	 0.335896
28 30 	 15 7 	 1 1 	 0.366613
28 30 	 15 8 	 1 1 	 0.411079
28 30 	 15 9 	 1 1 	 0.562342
28 30 	 15 11 	 1 0 	 0.495631
28 2 	 15 4 	 1 0 	 0.553423
29 31 	 1 15 	 1 1 	 0.517445
29 31 	 2 13 	 1 0 	 0.593406
29 31 	 2 15 	 1 0 	 0.405647
29 31 	 3 4 	 1 1 	 0.512689
29 31 	 3 9 	 1 1 	 0.580366
29 31 	 3 15 	 1 0 	 0.469887
29 31 	 4 4 	 1 1 	 0.498587
29 31 	 4 9 	 1 1 	 0.391860
29 31 	 4 10 	 1 1 	 0.469155
29 31 	 4 14 	 1 0 	 0.596908
29 31 	 4 15 	 1 0 	 0.512321
29 2 	 4 10 	 1 0 	 0.597860
29 28 	 4 6 	 1 0 	 0.563195
29 28 	 4 8 	 1 0 	 0.507896
29 28 	 4 9 	 1 0 	 0.533555
29 28 	 4 14 	 1 0 	 0.565925
29 28 	 4 7 	 1 0 	 0.594919
29 31 	 5 3 	 1 1 	 0.560095
29 31 	 5 4 	 1 1 	 0.328247
29 31 	 5 5 	 1 1 	 0.542971
29 31 	 5 7 	 1 1 	 0.587825
29 31 	 5 8 	 1 1 	 0.486246
29 31 	 5 9 	 1 1 	 0.343204
29 31 	 5 10 	 1 1 	 0.383897
29 31 	 5 13 	 1 0 	 0.592135
29 31 	 5 14 	 1 0 	 0.514572
29 31 	 5 15 	 1 0 	 0.376303
29 31 	 6 13 	 1 1 	 0.587649
29 31 	 6 14 	 1 1 	 0.534488
29 31 	 6 15 	 1 1 	 0.381175
29 28 	 6 7 	 1 0 	 0.555712
29 31 	 7 13 	 1 1 	 0.531468
29 31 	 7 14 	 1 1 	 0.398409
29 31 	 7 15 	 1 1 	 0.332254
29 28 	 7 10 	 1 0 	 0.582286
29 31 	 7 10 	 1 0 	 0.580018
29 28 	 7 7 	 1 0 	 0.459760
29 28 	 7 11 	 1 0 	 0.587831
29 28 	 7 6 	 1 0 	 0.551328
29 28 	 7 8 	 1 0 	 0.545979
29 31 	 8 9 	 1 1 	 0.546924
29 31 	 8 10 	 1 1 	 0.471158
29 5 	 8 4 	 1 0 	 0.591866
29 31 	 8 14 	 1 0 	 0.391883
29 31 	 8 15 	 1 0 	 0.396815
29 28 	 8 1 	 1 0 	 0.450382
29 28 	 8 2 	 1 0 	 0.498597
29 28 	 8 6 	 1 0 	 0.398864
29 28 	 8 8 	 1 0 	 0.381834
29 28 	 8 9 	 1 0 	 0.571154
29 28 	 8 7 	 1 0 	 0.396718
29 28 	 8 11 	 1 0 	 0.571661
29 31 	 9 9 	 1 1 	 0.495147
29 31 	 9 10 	 1 1 	 0.395471
29 5 	 9 3 	 1 0 	 0.560837
29 5 	 9 4 	 1 0 	 0.365753
29 5 	 9 5 	 1 0 	 0.564933
29 31 	 9 14 	 1 0 	 0.391078
29 31 	 9 15 	 1 0 	 0.518704
29 28 	 9 1 	 1 0 	 0.300370
29 28 	 9 2 	 1 0 	 0.428239
29 28 	 9 3 	 1 0 	 0.549790
29 28 	 9 5 	 1 0 	 0.502732
29 28 	 9 6 	 1 0 	 0.450698
29 28 	 9 8 	 1 0 	 0.440833
29 28 	 9 9 	 1 0 	 0.557949
29 5 	 9 9 	 1 0 	 0.407194
29 5 	 9 10 	 1 0 	 0.460343
29 28 	 9 7 	 1 0 	 0.558398
29 31 	 10 14 	 1 1 	 0.428670
29 31 	 10 15 	 1 1 	 0.540760
29 20 	 10 10 	 1 0 	 0.566413
29 28 	 10 10 	 1 0 	 0.434384
29 31 	 10 10 	 1 0 	 0.563873
29 5 	 10 8 	 1 0 	 0.555456
29 5 	 10 9 	 1 0 	 0.433504
29 5 	 10 10 	 1 0 	 0.373662
29 28 	 10 7 	 1 0 	 0.409167
29 30 	 10 13 	 1 0 	 0.599123
29 30 	 10 14 	 1 0 	 0.584533
29 28 	 10 1 	 1 0 	 0.306129
29 28 	 10 2 	 1 0 	 0.373730
29 28 	 10 3 	 1 0 	 0.548861
29 28 	 10 5 	 1 0 	 0.581001
29 28 	 10 6 	 1 0 	 0.363300
29 28 	 10 8 	 1 0 	 0.381158
29 28 	 10 9 	 1 0 	 0.599034
29 31 	 11 13 	 1 1 	 0.563103
29 31 	 11 14 	 1 1 	 0.417158
29 31 	 11 15 	 1 1 	 0.431840
29 28 	 11 7 	 1 0 	 0.471530
29 28 	 11 11 	 1 0 	 0.598226
29 28 	 11 6 	 1 0 	 0.572497
29 28 	 11 8 	 1 0 	 0.589352
29 31 	 12 14 	 1 1 	 0.596322
29 28 	 12 7 	 1 0 	 0.531026
29 5 	 13 8 	 1 0 	 0.582541
29 5 	 13 10 	 1 0 	 0.456935
29 28 	 13 7 	 1 0 	 0.483962
29 28 	 13 11 	 1 0 	 0.597545
29 30 	 13 13 	 1 0 	 0.476892
29 30 	 13 14 	 1 0 	 0.525871
29 28 	 13 1 	 1 0 	 0.589250
29 28 	 13 2 	 1 0 	 0.588760
29 28 	 13 6 	 1 0 	 0.561607
29 30 	 14 13 	 1 1 	 0.505036
29 30 	 14 14 	 1 1 	 0.422503
29 5 	 14 2 	 1 0 	 0.585194
29 5 	 14 3 	 1 0 	 0.570430
29 5 	 14 6 	 1 0 	 0.411625
29 5 	 14 7 	 1 0 	 0.391554
29 31 	 15 14 	 1 1 	 0.577533
29 5 	 15 8 	 1 0 	 0.467151
29 5 	 15 9 	 1 0 	 0.593853
29 5 	 15 10 	 1 0 	 0.450042
29 5 	 15 11 	 1 0 	 0.536819
29 5 	 15 13 	 1 0 	 0.595650
29 30 	 15 14 	 1 0 	 0.597407
30 23 	 1 13 	 1 0 	 0.589177
30 23 	 2 13 	 1 0 	 0.539803
30 23 	 2 14 	 1 0 	 0.556639
30 23 	 3 13 	 1 0 	 0.564051
30 23 	 3 14 	 1 0 	 0.549929
30 23 	 5 13 	 1 0 	 0.565512
30 23 	 5 14 	 1 0 	 0.464375
30 23 	 6 13 	 1 0 	 0.549040
30 23 	 6 14 	 1 0 	 0.466066
30 28 	 6 11 	 1 0 	 0.498617
30 28 	 6 12 	 1 0 	 0.529704
30 23 	 7 13 	 1 0 	 0.522200
30 23 	 7 14 	 1 0 	 0.354696
30 28 	 7 7 	 1 0 	 0.466144
30 28 	 7 11 	 1 0 	 0.392291
30 28 	 7 12 	 1 0 	 0.505634
30 23 	 8 9 	 1 0 	 0.582542
30 23 	 8 13 	 1 0 	 0.561793
30 23 	 8 14 	 1 0 	 0.336065
30 28 	 8 7 	 1 0 	 0.581100
30 28 	 8 11 	 1 0 	 0.569619
30 23 	 9 9 	 1 0 	 0.576919
30 23 	 9 14 	 1 0 	 0.532745
30 28 	 9 10 	 1 0 	 0.563599
30 23 	 10 8 	 1 0 	 0.534894
30 23 	 10 9 	 1 0 	 0.382590
30 23 	 10 10 	 1 0 	 0.596087
30 23 	 10 14 	 1 0 	 0.342129
30 23 	 11 15 	 1 0 	 0.573341
30 28 	 11 2 	 1 0 	 0.510873
30 28 	 11 6 	 1 0 	 0.452470
30 28 	 11 8 	 1 0 	 0.502946
30 28 	 11 13 	 1 0 	 0.577158
30 28 	 11 15 	 1 0 	 0.495631
30 28 	 13 1 	 1 0 	 0.588179
30 28 	 13 2 	 1 0 	 0.480135
30 28 	 13 3 	 1 0 	 0.592312
30 28 	 13 6 	 1 0 	 0.491393
30 28 	 13 8 	 1 0 	 0.557925
30 29 	 13 10 	 1 0 	 0.599123
30 29 	 13 13 	 1 0 	 0.476892
30 28 	 14 1 	 1 0 	 0.512830
30 28 	 14 2 	 1 0 	 0.456532
30 28 	 14 3 	 1 0 	 0.510225
30 28 	 14 4 	 1 0 	 0.577455
30 28 	 14 6 	 1 0 	 0.570465
30 29 	 14 10 	 1 0 	 0.584533
30 29 	 14 13 	 1 0 	 0.525871
30 29 	 14 15 	 1 0 	 0.597407
30 28 	 15 1 	 1 0 	 0.472410
30 28 	 15 2 	 1 0 	 0.357237
30 28 	 15 3 	 1 0 	 0.395156
30 28 	 15 4 	 1 0 	 0.532611
30 28 	 15 5 	 1 0 	 0.586563
30 28 	 15 6 	 1 0 	 0.451247
30 28 	 15 8 	 1 0 	 0.511743
31 20 	 6 14 	 1 0 	 0.556631
31 20 	 7 13 	 1 0 	 0.530965
31 20 	 7 14 	 1 0 	 0.370688
31 20 	 8 13 	 1 0 	 0.551425
31 20 	 8 14 	 1 0 	 0.434766
31 5 	 10 4 	 1 0 	 0.536926
31 20 	 10 13 	 1 0 	 0.591776
31 20 	 10 14 	 1 0 	 0.425403
31 29 	 10 7 	 1 0 	 0.580018
31 29 	 10 10 	 1 0 	 0.563873
31 20 	 11 13 	 1 0 	 0.549887
31 20 	 11 14 	 1 0 	 0.323793
31 20 	 13 15 	 1 0 	 0.538494
31 29 	 13 2 	 1 0 	 0.593406
31 29 	 13 5 	 1 0 	 0.592135
31 20 	 14 10 	 1 0 	 0.503385
31 20 	 14 15 	 1 0 	 0.455520
31 29 	 14 4 	 1 0 	 0.596908
31 29 	 14 5 	 1 0 	 0.514572
31 29 	 14 8 	 1 0 	 0.391883
31 29 	 14 9 	 1 0 	 0.391078
31 20 	 15 15 	 1 0 	 0.586696
31 29 	 15 2 	 1 0 	 0.405647
31 29 	 15 3 	 1 0 	 0.469887
31 29 	 15 4 	 1 0 	 0.512321
31 29 	 15 5 	 1 0 	 0.376303
31 29 	 15 8 	 1 0 	 0.396815
31 29 	 15 9 	 1 0 	 0.518704
