1 3 	 1 7 	 1 0 	 0.577713
1 3 	 1 8 	 1 0 	 0.520874
1 3 	 1 10 	 1 0 	 0.381911
1 28 	 2 7 	 1 1 	 0.595271
1 28 	 2 8 	 1 1 	 0.546686
1 3 	 2 7 	 1 0 	 0.426813
1 3 	 2 8 	 1 0 	 0.442426
1 3 	 2 10 	 1 0 	 0.380751
1 9 	 2 4 	 1 0 	 0.527805
1 28 	 3 7 	 1 1 	 0.511292
1 28 	 3 8 	 1 1 	 0.389442
1 28 	 3 9 	 1 1 	 0.530752
1 28 	 3 10 	 1 1 	 0.556192
1 28 	 4 7 	 1 1 	 0.423671
1 28 	 4 8 	 1 1 	 0.464155
1 28 	 4 10 	 1 1 	 0.575528
1 3 	 4 4 	 1 0 	 0.538943
1 3 	 4 5 	 1 0 	 0.523802
1 3 	 4 7 	 1 0 	 0.343496
1 3 	 4 8 	 1 0 	 0.444630
1 3 	 4 10 	 1 0 	 0.503418
1 9 	 4 2 	 1 0 	 0.489515
1 9 	 4 4 	 1 0 	 0.357545
1 9 	 4 5 	 1 0 	 0.472360
1 3 	 5 4 	 1 1 	 0.520667
1 3 	 5 5 	 1 1 	 0.536828
1 3 	 5 7 	 1 1 	 0.462397
1 9 	 5 4 	 1 1 	 0.450302
1 9 	 5 5 	 1 1 	 0.439460
1 9 	 5 7 	 1 1 	 0.578080
1 31 	 5 5 	 1 1 	 0.521756
1 32 	 5 5 	 1 1 	 0.570524
1 32 	 5 7 	 1 1 	 0.599100
1 28 	 5 5 	 1 0 	 0.508099
1 28 	 5 7 	 1 0 	 0.422614
1 28 	 5 8 	 1 0 	 0.537097
1 10 	 6 6 	 1 1 	 0.531055
1 16 	 6 6 	 1 1 	 0.560034
1 28 	 6 5 	 1 1 	 0.494031
1 28 	 6 6 	 1 1 	 0.435330
1 28 	 6 7 	 1 1 	 0.503407
1 28 	 6 8 	 1 1 	 0.570938
1 31 	 6 5 	 1 0 	 0.558934
1 31 	 6 6 	 1 0 	 0.471928
1 3 	 7 2 	 1 1 	 0.473112
1 3 	 7 4 	 1 1 	 0.358783
1 3 	 7 5 	 1 1 	 0.460939
1 3 	 7 7 	 1 1 	 0.477026
1 9 	 7 5 	 1 1 	 0.563209
1 32 	 7 5 	 1 1 	 0.479793
1 32 	 7 7 	 1 1 	 0.421827
1 3 	 8 1 	 1 1 	 0.564753
1 3 	 8 2 	 1 1 	 0.479431
1 3 	 8 4 	 1 1 	 0.468098
1 32 	 8 7 	 1 1 	 0.462780
1 10 	 9 6 	 1 1 	 0.451820
1 10 	 9 9 	 1 1 	 0.387661
1 3 	 10 1 	 1 1 	 0.377586
1 3 	 10 2 	 1 1 	 0.360182
1 3 	 10 4 	 1 1 	 0.470180
1 32 	 10 7 	 1 1 	 0.598038
2 10 	 1 8 	 1 0 	 0.515499
2 10 	 1 10 	 1 0 	 0.326940
2 20 	 2 9 	 1 1 	 0.577849
2 10 	 2 7 	 1 0 	 0.477599
2 10 	 2 8 	 1 0 	 0.434282
2 10 	 2 10 	 1 0 	 0.332234
2 16 	 2 4 	 1 0 	 0.550870
2 20 	 2 7 	 1 0 	 0.558367
2 11 	 3 9 	 1 1 	 0.547615
2 20 	 3 9 	 1 1 	 0.324387
2 20 	 3 7 	 1 0 	 0.526798
2 20 	 3 8 	 1 0 	 0.516264
2 10 	 4 7 	 1 1 	 0.404413
2 10 	 4 8 	 1 1 	 0.439425
2 10 	 4 10 	 1 1 	 0.467843
2 16 	 4 2 	 1 1 	 0.568340
2 16 	 4 4 	 1 1 	 0.380534
2 16 	 4 5 	 1 1 	 0.456891
2 20 	 4 5 	 1 1 	 0.495360
2 20 	 4 7 	 1 1 	 0.396753
2 20 	 4 8 	 1 1 	 0.534428
2 20 	 4 9 	 1 0 	 0.576956
2 4 	 5 4 	 1 1 	 0.568357
2 4 	 5 5 	 1 1 	 0.441408
2 4 	 5 7 	 1 1 	 0.584478
2 10 	 5 7 	 1 1 	 0.472579
2 14 	 5 5 	 1 1 	 0.556272
2 14 	 5 7 	 1 1 	 0.533460
2 16 	 5 4 	 1 1 	 0.455545
2 16 	 5 5 	 1 1 	 0.416274
2 16 	 5 7 	 1 1 	 0.562909
2 20 	 5 4 	 1 1 	 0.584710
2 20 	 5 5 	 1 1 	 0.398062
2 20 	 5 7 	 1 1 	 0.435311
2 24 	 5 5 	 1 1 	 0.570930
2 4 	 6 4 	 1 1 	 0.580104
2 4 	 6 5 	 1 1 	 0.434233
2 4 	 6 6 	 1 1 	 0.423255
2 20 	 6 5 	 1 1 	 0.484093
2 20 	 6 6 	 1 1 	 0.515631
2 20 	 6 7 	 1 1 	 0.549606
2 24 	 6 6 	 1 1 	 0.574241
2 11 	 6 6 	 1 0 	 0.533221
2 20 	 6 9 	 1 0 	 0.541772
2 4 	 7 4 	 1 1 	 0.449045
2 4 	 7 5 	 1 1 	 0.431342
2 4 	 7 7 	 1 1 	 0.590535
2 10 	 7 2 	 1 1 	 0.524794
2 10 	 7 4 	 1 1 	 0.389539
2 10 	 7 5 	 1 1 	 0.484027
2 10 	 7 7 	 1 1 	 0.401888
2 14 	 7 5 	 1 1 	 0.498360
2 14 	 7 7 	 1 1 	 0.404387
2 14 	 7 8 	 1 1 	 0.522277
2 16 	 7 5 	 1 1 	 0.519096
2 4 	 8 2 	 1 1 	 0.595880
2 4 	 8 4 	 1 1 	 0.416924
2 4 	 8 5 	 1 1 	 0.498033
2 10 	 8 2 	 1 1 	 0.450957
2 10 	 8 4 	 1 1 	 0.426523
2 14 	 8 7 	 1 1 	 0.519280
2 14 	 8 8 	 1 1 	 0.541261
2 10 	 8 1 	 1 0 	 0.549440
2 4 	 9 3 	 1 1 	 0.599290
2 4 	 9 4 	 1 1 	 0.528497
2 4 	 9 5 	 1 1 	 0.540133
2 4 	 9 6 	 1 1 	 0.566635
2 11 	 9 3 	 1 0 	 0.536049
2 11 	 9 9 	 1 0 	 0.574541
2 10 	 10 1 	 1 1 	 0.385681
2 10 	 10 2 	 1 0 	 0.367919
2 10 	 10 4 	 1 0 	 0.472483
3 32 	 2 7 	 1 1 	 0.566375
3 32 	 2 8 	 1 1 	 0.565837
3 32 	 3 8 	 1 1 	 0.564356
3 32 	 3 9 	 1 1 	 0.461729
3 32 	 4 5 	 1 1 	 0.511650
3 32 	 4 6 	 1 1 	 0.530288
3 32 	 4 7 	 1 1 	 0.418680
3 32 	 4 8 	 1 1 	 0.468736
3 1 	 4 4 	 1 0 	 0.538943
3 9 	 5 4 	 1 1 	 0.551112
3 9 	 5 5 	 1 1 	 0.481445
3 9 	 5 6 	 1 1 	 0.480102
3 32 	 5 5 	 1 1 	 0.480373
3 32 	 5 6 	 1 1 	 0.427824
3 32 	 5 7 	 1 1 	 0.492119
3 32 	 5 8 	 1 1 	 0.554553
3 1 	 5 4 	 1 0 	 0.523802
3 9 	 6 6 	 1 1 	 0.533474
3 23 	 6 6 	 1 1 	 0.452311
3 32 	 6 6 	 1 1 	 0.560162
3 9 	 7 2 	 1 1 	 0.577036
3 9 	 7 3 	 1 1 	 0.555817
3 9 	 7 4 	 1 1 	 0.387973
3 9 	 7 5 	 1 1 	 0.430797
3 9 	 7 6 	 1 1 	 0.515384
3 1 	 7 1 	 1 0 	 0.577713
3 1 	 7 2 	 1 0 	 0.426813
3 1 	 7 4 	 1 0 	 0.343496
3 9 	 8 2 	 1 1 	 0.506250
3 9 	 8 3 	 1 1 	 0.428824
3 9 	 8 4 	 1 1 	 0.414408
3 9 	 8 5 	 1 1 	 0.554843
3 1 	 8 1 	 1 0 	 0.520874
3 1 	 8 2 	 1 0 	 0.442426
3 1 	 8 4 	 1 0 	 0.444630
3 9 	 9 3 	 1 1 	 0.475816
3 22 	 9 9 	 1 1 	 0.577314
3 25 	 9 6 	 1 1 	 0.524624
3 1 	 10 1 	 1 0 	 0.381911
3 1 	 10 2 	 1 0 	 0.380751
3 1 	 10 4 	 1 0 	 0.503418
4 14 	 1 7 	 1 1 	 0.577409
4 14 	 1 8 	 1 1 	 0.504620
4 14 	 1 10 	 1 1 	 0.363434
4 14 	 2 2 	 1 1 	 0.571449
4 14 	 2 7 	 1 1 	 0.459244
4 14 	 2 8 	 1 1 	 0.465537
4 14 	 2 10 	 1 1 	 0.344410
4 5 	 3 3 	 1 0 	 0.511874
4 14 	 4 4 	 1 1 	 0.552026
4 14 	 4 5 	 1 1 	 0.555152
4 14 	 4 7 	 1 1 	 0.351793
4 14 	 4 8 	 1 1 	 0.443903
4 14 	 4 10 	 1 1 	 0.448055
4 14 	 5 4 	 1 1 	 0.531453
4 14 	 5 5 	 1 1 	 0.551060
4 14 	 5 7 	 1 1 	 0.423510
4 24 	 5 5 	 1 1 	 0.525642
4 24 	 5 6 	 1 1 	 0.468765
4 5 	 6 6 	 1 1 	 0.465828
4 7 	 6 6 	 1 1 	 0.556961
4 18 	 6 6 	 1 1 	 0.530939
4 24 	 6 6 	 1 1 	 0.404754
4 5 	 6 3 	 1 0 	 0.548040
4 14 	 7 1 	 1 1 	 0.550590
4 14 	 7 2 	 1 1 	 0.414634
4 14 	 7 4 	 1 1 	 0.366536
4 14 	 7 5 	 1 1 	 0.485489
4 14 	 7 7 	 1 1 	 0.416070
4 24 	 7 4 	 1 1 	 0.457109
4 24 	 7 5 	 1 1 	 0.417204
4 24 	 7 6 	 1 1 	 0.448493
4 14 	 8 1 	 1 1 	 0.478625
4 14 	 8 2 	 1 1 	 0.423074
4 14 	 8 4 	 1 1 	 0.485193
4 24 	 8 4 	 1 1 	 0.501314
4 24 	 8 5 	 1 1 	 0.504569
4 24 	 8 6 	 1 1 	 0.489830
4 18 	 9 6 	 1 1 	 0.523109
4 24 	 9 6 	 1 1 	 0.470384
4 5 	 9 3 	 1 0 	 0.461453
4 14 	 10 1 	 1 1 	 0.383257
4 14 	 10 2 	 1 1 	 0.431618
4 14 	 10 4 	 1 1 	 0.587610
5 13 	 1 9 	 1 1 	 0.585857
5 18 	 1 8 	 1 1 	 0.522902
5 18 	 1 9 	 1 1 	 0.343468
5 13 	 2 8 	 1 1 	 0.509926
5 13 	 2 9 	 1 1 	 0.537292
5 18 	 2 7 	 1 1 	 0.533860
5 18 	 2 8 	 1 1 	 0.488686
5 18 	 2 9 	 1 1 	 0.452469
5 4 	 3 3 	 1 0 	 0.511874
5 4 	 3 6 	 1 0 	 0.548040
5 4 	 3 9 	 1 0 	 0.461453
5 13 	 4 7 	 1 1 	 0.475893
5 13 	 4 8 	 1 1 	 0.408169
5 13 	 4 9 	 1 1 	 0.578078
5 18 	 4 7 	 1 1 	 0.427517
5 18 	 4 8 	 1 1 	 0.493750
5 18 	 4 5 	 1 0 	 0.445366
5 13 	 5 7 	 1 1 	 0.451400
5 13 	 5 8 	 1 1 	 0.486730
5 18 	 5 7 	 1 1 	 0.536644
5 30 	 5 4 	 1 1 	 0.543443
5 7 	 5 6 	 1 0 	 0.563275
5 18 	 5 5 	 1 0 	 0.474852
5 18 	 5 6 	 1 0 	 0.556105
5 30 	 5 5 	 1 0 	 0.532177
5 30 	 5 6 	 1 0 	 0.534577
5 7 	 6 6 	 1 1 	 0.496863
5 18 	 6 6 	 1 1 	 0.576788
5 11 	 6 3 	 1 0 	 0.452006
5 11 	 6 6 	 1 0 	 0.542301
5 30 	 6 6 	 1 0 	 0.589295
5 13 	 7 7 	 1 1 	 0.446849
5 13 	 7 8 	 1 1 	 0.463303
5 13 	 7 10 	 1 1 	 0.588617
5 30 	 7 4 	 1 1 	 0.398264
5 30 	 7 2 	 1 0 	 0.577236
5 30 	 7 5 	 1 0 	 0.437747
5 30 	 7 6 	 1 0 	 0.543749
5 30 	 8 4 	 1 0 	 0.528774
5 11 	 8 2 	 1 0 	 0.597103
5 11 	 8 3 	 1 0 	 0.594138
5 11 	 8 4 	 1 0 	 0.556468
5 30 	 8 5 	 1 0 	 0.560858
5 11 	 9 2 	 1 1 	 0.528918
5 11 	 9 3 	 1 1 	 0.532745
5 11 	 9 4 	 1 1 	 0.365233
5 11 	 9 5 	 1 1 	 0.500206
5 11 	 9 6 	 1 1 	 0.542610
5 27 	 9 6 	 1 1 	 0.467355
5 27 	 9 7 	 1 1 	 0.557457
5 27 	 9 8 	 1 1 	 0.539419
5 30 	 9 5 	 1 1 	 0.447067
5 30 	 9 6 	 1 1 	 0.389220
5 30 	 9 4 	 1 0 	 0.567472
6 21 	 1 4 	 1 1 	 0.556195
6 21 	 1 7 	 1 1 	 0.424771
6 21 	 1 8 	 1 1 	 0.430447
6 21 	 1 10 	 1 1 	 0.323860
6 21 	 2 2 	 1 1 	 0.538874
6 21 	 2 4 	 1 1 	 0.417174
6 21 	 2 5 	 1 1 	 0.547816
6 21 	 2 7 	 1 1 	 0.431756
6 21 	 2 8 	 1 1 	 0.524265
6 21 	 2 10 	 1 1 	 0.438057
6 21 	 3 2 	 1 1 	 0.597008
6 21 	 3 4 	 1 1 	 0.598302
6 21 	 3 10 	 1 1 	 0.523613
6 8 	 4 5 	 1 1 	 0.556831
6 8 	 4 7 	 1 1 	 0.434386
6 8 	 4 8 	 1 1 	 0.501347
6 8 	 4 9 	 1 1 	 0.553571
6 21 	 4 4 	 1 1 	 0.408858
6 21 	 4 5 	 1 1 	 0.470324
6 21 	 4 7 	 1 1 	 0.358712
6 21 	 4 8 	 1 1 	 0.513719
6 21 	 4 10 	 1 1 	 0.531092
6 8 	 5 5 	 1 1 	 0.522733
6 8 	 5 7 	 1 1 	 0.456208
6 8 	 5 8 	 1 1 	 0.469016
6 8 	 5 9 	 1 1 	 0.512088
6 21 	 5 4 	 1 1 	 0.547381
6 21 	 5 5 	 1 1 	 0.598837
6 21 	 5 7 	 1 1 	 0.541565
6 8 	 6 5 	 1 1 	 0.489792
6 8 	 6 6 	 1 1 	 0.567469
6 8 	 6 7 	 1 1 	 0.515024
6 8 	 6 8 	 1 1 	 0.478462
6 8 	 6 9 	 1 1 	 0.581383
6 8 	 7 5 	 1 1 	 0.421674
6 8 	 7 6 	 1 1 	 0.593090
6 8 	 7 7 	 1 1 	 0.435588
6 8 	 7 8 	 1 1 	 0.562015
6 21 	 7 2 	 1 1 	 0.532019
6 21 	 7 4 	 1 1 	 0.355293
6 21 	 7 5 	 1 1 	 0.428321
6 21 	 7 7 	 1 1 	 0.463491
6 8 	 8 5 	 1 1 	 0.568600
6 21 	 8 1 	 1 1 	 0.510016
6 21 	 8 2 	 1 1 	 0.498318
6 21 	 8 4 	 1 1 	 0.424097
6 21 	 8 5 	 1 1 	 0.558958
6 8 	 9 6 	 1 1 	 0.491468
6 12 	 9 3 	 1 1 	 0.537734
6 21 	 10 1 	 1 1 	 0.325409
6 21 	 10 2 	 1 1 	 0.392955
6 21 	 10 4 	 1 1 	 0.440873
7 30 	 2 8 	 1 1 	 0.583899
7 20 	 3 6 	 1 1 	 0.468908
7 19 	 3 6 	 1 0 	 0.450401
7 19 	 3 9 	 1 0 	 0.493609
7 30 	 3 6 	 1 0 	 0.501008
7 30 	 4 7 	 1 1 	 0.436704
7 30 	 4 8 	 1 1 	 0.415276
7 30 	 4 6 	 1 0 	 0.453931
7 30 	 4 9 	 1 0 	 0.528668
7 18 	 5 4 	 1 1 	 0.568291
7 18 	 5 5 	 1 1 	 0.495261
7 18 	 5 6 	 1 1 	 0.422785
7 30 	 5 7 	 1 1 	 0.440193
7 30 	 5 8 	 1 1 	 0.542087
7 30 	 5 5 	 1 0 	 0.568163
7 30 	 5 6 	 1 0 	 0.406374
7 18 	 6 5 	 1 1 	 0.582162
7 18 	 6 6 	 1 1 	 0.343722
7 20 	 6 6 	 1 1 	 0.464107
7 24 	 6 6 	 1 1 	 0.595803
7 11 	 6 6 	 1 0 	 0.494412
7 30 	 6 6 	 1 0 	 0.425550
7 5 	 6 5 	 1 0 	 0.563275
7 18 	 7 4 	 1 1 	 0.506361
7 18 	 7 5 	 1 1 	 0.517213
7 18 	 7 6 	 1 1 	 0.571630
7 30 	 7 7 	 1 1 	 0.371954
7 30 	 7 8 	 1 1 	 0.440077
7 30 	 7 5 	 1 0 	 0.571607
7 30 	 7 6 	 1 0 	 0.541574
7 13 	 7 4 	 1 0 	 0.481029
7 13 	 7 5 	 1 0 	 0.457601
7 13 	 7 7 	 1 0 	 0.553337
7 18 	 8 2 	 1 1 	 0.578737
7 18 	 8 4 	 1 1 	 0.445301
7 18 	 8 5 	 1 1 	 0.563550
7 30 	 8 7 	 1 1 	 0.542192
7 30 	 8 8 	 1 1 	 0.573925
7 13 	 8 4 	 1 0 	 0.511277
7 13 	 8 5 	 1 0 	 0.457891
7 18 	 9 3 	 1 1 	 0.521829
7 18 	 9 4 	 1 1 	 0.471010
7 18 	 9 5 	 1 1 	 0.571603
7 18 	 9 6 	 1 1 	 0.534429
8 15 	 1 2 	 1 1 	 0.592970
8 15 	 1 7 	 1 1 	 0.555289
8 15 	 1 8 	 1 1 	 0.531083
8 15 	 1 10 	 1 1 	 0.340613
8 21 	 1 6 	 1 1 	 0.521491
8 15 	 2 2 	 1 1 	 0.462746
8 15 	 2 3 	 1 1 	 0.598252
8 15 	 2 4 	 1 1 	 0.484914
8 15 	 2 5 	 1 1 	 0.561437
8 15 	 2 7 	 1 1 	 0.448783
8 15 	 2 8 	 1 1 	 0.508176
8 15 	 2 10 	 1 1 	 0.389221
8 21 	 2 6 	 1 1 	 0.453132
8 21 	 3 6 	 1 1 	 0.506539
8 25 	 3 9 	 1 1 	 0.419378
8 25 	 3 10 	 1 1 	 0.574964
8 15 	 4 1 	 1 1 	 0.576919
8 15 	 4 2 	 1 1 	 0.422311
8 15 	 4 4 	 1 1 	 0.346749
8 15 	 4 5 	 1 1 	 0.415757
8 15 	 4 7 	 1 1 	 0.337297
8 15 	 4 8 	 1 1 	 0.496425
8 15 	 4 10 	 1 1 	 0.487494
8 21 	 4 5 	 1 1 	 0.472932
8 21 	 4 6 	 1 1 	 0.440084
8 21 	 4 7 	 1 1 	 0.575786
8 15 	 5 2 	 1 1 	 0.558786
8 15 	 5 4 	 1 1 	 0.429458
8 15 	 5 5 	 1 1 	 0.482381
8 15 	 5 7 	 1 1 	 0.445634
8 21 	 5 4 	 1 1 	 0.554862
8 21 	 5 5 	 1 1 	 0.408884
8 21 	 5 6 	 1 1 	 0.477507
8 21 	 5 7 	 1 1 	 0.481773
8 12 	 6 3 	 1 1 	 0.536583
8 21 	 6 6 	 1 1 	 0.535468
8 15 	 7 4 	 1 1 	 0.428439
8 15 	 7 5 	 1 1 	 0.379432
8 15 	 7 7 	 1 1 	 0.385079
8 21 	 7 4 	 1 1 	 0.555977
8 21 	 7 5 	 1 1 	 0.406524
8 21 	 7 7 	 1 1 	 0.346279
8 21 	 7 8 	 1 1 	 0.503714
8 15 	 8 4 	 1 1 	 0.468596
8 15 	 8 5 	 1 1 	 0.433674
8 15 	 8 7 	 1 1 	 0.550422
8 21 	 8 7 	 1 1 	 0.521936
8 15 	 10 1 	 1 1 	 0.578276
8 15 	 10 4 	 1 1 	 0.423286
8 15 	 10 5 	 1 1 	 0.346257
8 15 	 10 6 	 1 1 	 0.523621
8 15 	 10 7 	 1 1 	 0.539693
8 21 	 10 9 	 1 1 	 0.533821
9 28 	 1 7 	 1 1 	 0.520425
9 28 	 1 8 	 1 1 	 0.531301
9 28 	 1 10 	 1 1 	 0.350134
9 28 	 2 4 	 1 1 	 0.535396
9 1 	 2 4 	 1 0 	 0.489515
9 28 	 2 5 	 1 0 	 0.562627
9 28 	 2 7 	 1 0 	 0.387927
9 28 	 2 8 	 1 0 	 0.467003
9 28 	 2 10 	 1 0 	 0.375268
9 22 	 3 9 	 1 1 	 0.509908
9 28 	 4 4 	 1 1 	 0.553373
9 1 	 4 2 	 1 0 	 0.527805
9 1 	 4 4 	 1 0 	 0.357545
9 28 	 4 5 	 1 0 	 0.528996
9 28 	 4 7 	 1 0 	 0.382333
9 28 	 4 8 	 1 0 	 0.527985
9 28 	 4 10 	 1 0 	 0.537192
9 28 	 5 4 	 1 1 	 0.542825
9 29 	 5 5 	 1 1 	 0.455906
9 31 	 5 5 	 1 1 	 0.476502
9 31 	 5 7 	 1 1 	 0.502326
9 32 	 5 5 	 1 1 	 0.527630
9 1 	 5 4 	 1 0 	 0.472360
9 28 	 5 5 	 1 0 	 0.525869
9 28 	 5 7 	 1 0 	 0.480641
9 22 	 6 6 	 1 1 	 0.566754
9 23 	 6 6 	 1 1 	 0.595329
9 29 	 6 5 	 1 1 	 0.397493
9 29 	 6 6 	 1 1 	 0.456713
9 32 	 6 5 	 1 1 	 0.583373
9 32 	 6 6 	 1 1 	 0.500930
9 28 	 7 4 	 1 1 	 0.342373
9 29 	 7 4 	 1 1 	 0.535356
9 29 	 7 5 	 1 1 	 0.473833
9 31 	 7 5 	 1 1 	 0.476884
9 31 	 7 7 	 1 1 	 0.400214
9 31 	 7 8 	 1 1 	 0.546145
9 28 	 7 2 	 1 0 	 0.507237
9 28 	 7 5 	 1 0 	 0.424034
9 28 	 7 7 	 1 0 	 0.440257
9 28 	 8 1 	 1 1 	 0.507745
9 28 	 8 4 	 1 1 	 0.403319
9 29 	 8 4 	 1 1 	 0.530514
9 29 	 8 5 	 1 1 	 0.525811
9 31 	 8 7 	 1 1 	 0.501843
9 31 	 8 8 	 1 1 	 0.556889
9 28 	 8 2 	 1 0 	 0.446844
9 28 	 8 5 	 1 0 	 0.599040
9 12 	 9 9 	 1 1 	 0.545301
9 22 	 9 3 	 1 1 	 0.573127
9 22 	 9 6 	 1 1 	 0.432642
9 29 	 9 3 	 1 1 	 0.563995
9 29 	 9 5 	 1 1 	 0.579660
9 29 	 9 6 	 1 1 	 0.558636
9 28 	 10 1 	 1 1 	 0.383706
9 28 	 10 4 	 1 1 	 0.467287
9 28 	 10 2 	 1 0 	 0.383933
10 2 	 1 8 	 1 0 	 0.549440
10 14 	 2 8 	 1 1 	 0.550180
10 2 	 2 10 	 1 0 	 0.367919
10 14 	 4 5 	 1 1 	 0.538240
10 14 	 4 6 	 1 1 	 0.588442
10 14 	 4 7 	 1 1 	 0.449050
10 14 	 4 8 	 1 1 	 0.380739
10 14 	 4 9 	 1 1 	 0.490169
10 2 	 4 10 	 1 0 	 0.472483
10 14 	 5 5 	 1 1 	 0.476887
10 14 	 5 6 	 1 1 	 0.475118
10 14 	 5 7 	 1 1 	 0.497101
10 14 	 5 8 	 1 1 	 0.480921
10 14 	 5 9 	 1 1 	 0.504082
10 16 	 5 5 	 1 1 	 0.562762
10 16 	 5 6 	 1 1 	 0.545771
10 14 	 6 6 	 1 1 	 0.546672
10 16 	 6 6 	 1 1 	 0.548705
10 14 	 7 5 	 1 1 	 0.523932
10 14 	 7 7 	 1 1 	 0.567164
10 16 	 7 3 	 1 1 	 0.584459
10 16 	 7 4 	 1 1 	 0.477185
10 16 	 7 5 	 1 1 	 0.419432
10 16 	 7 6 	 1 1 	 0.508848
10 2 	 7 2 	 1 0 	 0.477599
10 16 	 8 2 	 1 1 	 0.541003
10 16 	 8 3 	 1 1 	 0.442547
10 16 	 8 4 	 1 1 	 0.436731
10 16 	 8 5 	 1 1 	 0.508090
10 16 	 8 6 	 1 1 	 0.580353
10 2 	 8 1 	 1 0 	 0.515499
10 2 	 8 2 	 1 0 	 0.434282
10 16 	 9 3 	 1 1 	 0.512750
10 16 	 10 4 	 1 1 	 0.599882
10 2 	 10 1 	 1 0 	 0.326940
10 2 	 10 2 	 1 0 	 0.332234
11 27 	 2 7 	 1 1 	 0.572460
11 27 	 2 8 	 1 1 	 0.556619
11 5 	 2 8 	 1 0 	 0.597103
11 2 	 3 9 	 1 0 	 0.536049
11 5 	 3 6 	 1 0 	 0.452006
11 5 	 3 8 	 1 0 	 0.594138
11 17 	 4 4 	 1 1 	 0.595908
11 27 	 4 5 	 1 1 	 0.592106
11 27 	 4 6 	 1 1 	 0.585725
11 27 	 4 7 	 1 1 	 0.413010
11 27 	 4 8 	 1 1 	 0.453469
11 5 	 4 8 	 1 0 	 0.556468
11 17 	 5 4 	 1 1 	 0.528758
11 17 	 5 5 	 1 1 	 0.529906
11 27 	 5 5 	 1 1 	 0.545100
11 27 	 5 6 	 1 1 	 0.547621
11 27 	 5 7 	 1 1 	 0.440386
11 27 	 5 8 	 1 1 	 0.593555
11 19 	 6 6 	 1 1 	 0.413432
11 20 	 6 9 	 1 1 	 0.530104
11 27 	 6 6 	 1 1 	 0.567666
11 30 	 6 6 	 1 1 	 0.534305
11 2 	 6 6 	 1 0 	 0.533221
11 5 	 6 6 	 1 0 	 0.542301
11 7 	 6 6 	 1 0 	 0.494412
11 20 	 6 6 	 1 0 	 0.582072
11 17 	 7 1 	 1 1 	 0.570018
11 17 	 7 2 	 1 1 	 0.458046
11 17 	 7 3 	 1 1 	 0.509544
11 17 	 7 4 	 1 1 	 0.378181
11 17 	 7 5 	 1 1 	 0.443714
11 27 	 7 5 	 1 1 	 0.553948
11 27 	 7 7 	 1 1 	 0.384253
11 27 	 7 8 	 1 1 	 0.514577
11 17 	 8 1 	 1 1 	 0.597078
11 17 	 8 2 	 1 1 	 0.510560
11 17 	 8 3 	 1 1 	 0.403308
11 17 	 8 4 	 1 1 	 0.468908
11 17 	 8 5 	 1 1 	 0.495671
11 17 	 8 6 	 1 1 	 0.574354
11 27 	 8 7 	 1 1 	 0.592485
11 2 	 9 9 	 1 0 	 0.574541
11 17 	 10 3 	 1 1 	 0.534491
12 26 	 1 9 	 1 1 	 0.461178
12 23 	 2 7 	 1 1 	 0.491328
12 23 	 2 8 	 1 1 	 0.530409
12 25 	 2 7 	 1 1 	 0.560797
12 25 	 2 8 	 1 1 	 0.500604
12 25 	 2 9 	 1 1 	 0.540786
12 26 	 2 7 	 1 1 	 0.555535
12 26 	 2 8 	 1 1 	 0.580222
12 26 	 2 9 	 1 1 	 0.530142
12 25 	 3 9 	 1 1 	 0.566351
12 26 	 3 9 	 1 1 	 0.508128
12 23 	 4 4 	 1 1 	 0.588953
12 23 	 4 5 	 1 1 	 0.502547
12 23 	 4 7 	 1 1 	 0.355958
12 23 	 4 8 	 1 1 	 0.464854
12 25 	 4 5 	 1 1 	 0.581051
12 25 	 4 7 	 1 1 	 0.450655
12 25 	 4 8 	 1 1 	 0.474153
12 26 	 4 7 	 1 1 	 0.560815
12 22 	 5 4 	 1 1 	 0.497338
12 22 	 5 5 	 1 1 	 0.517124
12 22 	 5 6 	 1 1 	 0.582959
12 23 	 5 5 	 1 1 	 0.464631
12 23 	 5 7 	 1 1 	 0.432603
12 23 	 5 8 	 1 1 	 0.596709
12 25 	 5 5 	 1 1 	 0.487815
12 25 	 5 7 	 1 1 	 0.430257
12 25 	 5 8 	 1 1 	 0.557410
12 26 	 5 7 	 1 1 	 0.584744
12 22 	 6 6 	 1 1 	 0.528008
12 23 	 6 5 	 1 1 	 0.450587
12 23 	 6 6 	 1 1 	 0.468823
12 23 	 6 7 	 1 1 	 0.530470
12 23 	 6 9 	 1 1 	 0.503985
12 29 	 6 6 	 1 1 	 0.409259
12 22 	 7 2 	 1 1 	 0.487571
12 22 	 7 3 	 1 1 	 0.574691
12 22 	 7 4 	 1 1 	 0.352240
12 22 	 7 5 	 1 1 	 0.473135
12 23 	 7 7 	 1 1 	 0.540134
12 25 	 7 5 	 1 1 	 0.492840
12 25 	 7 7 	 1 1 	 0.339201
12 25 	 7 8 	 1 1 	 0.473263
12 26 	 7 4 	 1 1 	 0.581716
12 26 	 7 5 	 1 1 	 0.527851
12 26 	 7 7 	 1 1 	 0.351268
12 26 	 7 8 	 1 1 	 0.462040
12 26 	 7 9 	 1 1 	 0.569955
12 26 	 7 10 	 1 1 	 0.505224
12 22 	 8 3 	 1 1 	 0.542171
12 22 	 8 4 	 1 1 	 0.492814
12 22 	 8 5 	 1 1 	 0.522810
12 22 	 8 6 	 1 1 	 0.577178
12 23 	 8 5 	 1 1 	 0.556907
12 23 	 8 7 	 1 1 	 0.529296
12 25 	 8 5 	 1 1 	 0.566703
12 25 	 8 7 	 1 1 	 0.509193
12 22 	 9 3 	 1 1 	 0.376804
12 22 	 9 4 	 1 1 	 0.572809
12 22 	 9 5 	 1 1 	 0.539383
12 22 	 9 6 	 1 1 	 0.469700
12 29 	 9 6 	 1 1 	 0.484695
13 30 	 1 7 	 1 1 	 0.508277
13 30 	 1 8 	 1 1 	 0.405418
13 30 	 1 10 	 1 1 	 0.273443
13 30 	 2 4 	 1 1 	 0.542839
13 30 	 2 2 	 1 0 	 0.514744
13 30 	 2 7 	 1 0 	 0.477487
13 30 	 2 8 	 1 0 	 0.468624
13 30 	 2 10 	 1 0 	 0.402362
13 30 	 2 5 	 1 0 	 0.595867
13 30 	 3 10 	 1 0 	 0.575360
13 30 	 4 4 	 1 1 	 0.431117
13 30 	 4 2 	 1 0 	 0.490217
13 7 	 4 7 	 1 0 	 0.481029
13 7 	 4 8 	 1 0 	 0.511277
13 30 	 4 7 	 1 0 	 0.325813
13 30 	 4 8 	 1 0 	 0.418964
13 30 	 4 10 	 1 0 	 0.474600
13 30 	 4 5 	 1 0 	 0.468446
13 18 	 5 7 	 1 1 	 0.444586
13 30 	 5 4 	 1 1 	 0.482995
13 30 	 5 2 	 1 0 	 0.572768
13 7 	 5 7 	 1 0 	 0.457601
13 7 	 5 8 	 1 0 	 0.457891
13 18 	 5 4 	 1 0 	 0.522119
13 18 	 5 5 	 1 0 	 0.528690
13 30 	 5 7 	 1 0 	 0.433440
13 30 	 5 8 	 1 0 	 0.597887
13 30 	 5 5 	 1 0 	 0.547900
13 18 	 6 7 	 1 1 	 0.468297
13 18 	 6 8 	 1 1 	 0.577711
13 18 	 6 10 	 1 1 	 0.576720
13 18 	 6 2 	 1 0 	 0.564208
13 18 	 6 4 	 1 0 	 0.548018
13 18 	 7 7 	 1 1 	 0.409723
13 30 	 7 4 	 1 1 	 0.350340
13 30 	 7 1 	 1 0 	 0.559178
13 30 	 7 2 	 1 0 	 0.477051
13 7 	 7 7 	 1 0 	 0.553337
13 18 	 7 4 	 1 0 	 0.585373
13 18 	 7 5 	 1 0 	 0.492681
13 30 	 7 7 	 1 0 	 0.444576
13 30 	 7 5 	 1 0 	 0.455425
13 18 	 8 7 	 1 1 	 0.424972
13 18 	 8 8 	 1 1 	 0.536579
13 30 	 8 4 	 1 1 	 0.466611
13 30 	 8 1 	 1 0 	 0.521535
13 30 	 8 2 	 1 0 	 0.526198
13 18 	 8 5 	 1 0 	 0.578504
13 18 	 9 7 	 1 1 	 0.538989
13 18 	 9 8 	 1 1 	 0.503231
13 18 	 9 9 	 1 1 	 0.553465
13 30 	 10 4 	 1 1 	 0.458240
13 30 	 10 1 	 1 0 	 0.337201
13 30 	 10 2 	 1 0 	 0.397295
14 24 	 2 2 	 1 1 	 0.535438
14 24 	 2 4 	 1 1 	 0.475298
14 24 	 3 2 	 1 1 	 0.556012
14 24 	 3 3 	 1 1 	 0.490920
14 24 	 3 4 	 1 1 	 0.592798
14 28 	 3 6 	 1 1 	 0.599097
14 31 	 3 9 	 1 0 	 0.533742
14 16 	 4 5 	 1 1 	 0.589355
14 24 	 4 2 	 1 1 	 0.484543
14 24 	 4 3 	 1 1 	 0.535934
14 24 	 4 4 	 1 1 	 0.359800
14 24 	 4 5 	 1 1 	 0.486496
14 16 	 5 5 	 1 1 	 0.432146
14 16 	 5 6 	 1 1 	 0.468274
14 16 	 5 7 	 1 1 	 0.553176
14 24 	 5 3 	 1 1 	 0.587624
14 24 	 5 4 	 1 1 	 0.490927
14 24 	 5 5 	 1 1 	 0.556786
14 16 	 6 6 	 1 1 	 0.511362
14 28 	 6 6 	 1 1 	 0.555119
14 31 	 6 6 	 1 0 	 0.484160
14 31 	 6 9 	 1 0 	 0.586565
14 16 	 7 5 	 1 1 	 0.580090
14 31 	 9 3 	 1 0 	 0.574120
15 21 	 5 7 	 1 1 	 0.572547
15 21 	 5 9 	 1 1 	 0.538020
15 21 	 6 9 	 1 1 	 0.463454
15 21 	 7 5 	 1 1 	 0.462772
15 21 	 7 6 	 1 1 	 0.586838
15 21 	 7 7 	 1 1 	 0.450956
15 21 	 7 8 	 1 1 	 0.500789
15 21 	 7 9 	 1 1 	 0.548547
15 21 	 8 5 	 1 1 	 0.537752
15 21 	 8 7 	 1 1 	 0.553778
15 21 	 8 8 	 1 1 	 0.549659
16 20 	 1 2 	 1 1 	 0.522895
16 20 	 1 7 	 1 1 	 0.594719
16 20 	 2 2 	 1 1 	 0.461219
16 20 	 2 4 	 1 1 	 0.487177
16 20 	 2 7 	 1 1 	 0.467353
16 20 	 2 8 	 1 1 	 0.585355
16 20 	 4 2 	 1 1 	 0.535232
16 20 	 4 4 	 1 1 	 0.441899
16 20 	 4 5 	 1 1 	 0.472360
16 20 	 4 7 	 1 1 	 0.386017
16 20 	 4 8 	 1 1 	 0.576919
16 2 	 4 2 	 1 0 	 0.550870
16 20 	 5 4 	 1 1 	 0.507478
16 20 	 5 5 	 1 1 	 0.509699
16 20 	 5 7 	 1 1 	 0.534270
16 24 	 5 4 	 1 1 	 0.562725
16 24 	 5 5 	 1 1 	 0.509930
16 24 	 5 7 	 1 1 	 0.571169
16 24 	 6 3 	 1 1 	 0.516447
16 28 	 6 6 	 1 1 	 0.542817
16 20 	 7 1 	 1 1 	 0.586107
16 20 	 7 2 	 1 1 	 0.499950
16 20 	 7 4 	 1 1 	 0.377203
16 20 	 7 5 	 1 1 	 0.476555
16 20 	 7 7 	 1 1 	 0.550394
16 24 	 7 2 	 1 1 	 0.591448
16 24 	 7 3 	 1 1 	 0.569531
16 24 	 7 4 	 1 1 	 0.453961
16 24 	 7 5 	 1 1 	 0.402764
16 24 	 7 7 	 1 1 	 0.371484
16 24 	 7 8 	 1 1 	 0.583171
16 20 	 8 1 	 1 1 	 0.522189
16 20 	 8 2 	 1 1 	 0.512724
16 20 	 8 4 	 1 1 	 0.489396
16 24 	 8 2 	 1 1 	 0.568114
16 24 	 8 3 	 1 1 	 0.502971
16 24 	 8 4 	 1 1 	 0.524402
16 24 	 8 5 	 1 1 	 0.538621
16 24 	 8 7 	 1 1 	 0.412870
16 24 	 8 8 	 1 1 	 0.579218
16 24 	 9 3 	 1 1 	 0.505241
16 28 	 9 9 	 1 1 	 0.409290
16 20 	 10 1 	 1 1 	 0.357767
16 20 	 10 2 	 1 1 	 0.364343
16 20 	 10 4 	 1 1 	 0.455627
16 24 	 10 7 	 1 1 	 0.528074
17 27 	 1 7 	 1 1 	 0.526967
17 27 	 1 8 	 1 1 	 0.495347
17 27 	 1 10 	 1 1 	 0.349166
17 27 	 2 4 	 1 1 	 0.590843
17 27 	 2 5 	 1 1 	 0.550149
17 27 	 2 7 	 1 1 	 0.404512
17 27 	 2 8 	 1 1 	 0.469767
17 27 	 2 10 	 1 1 	 0.360573
17 27 	 4 2 	 1 1 	 0.528123
17 27 	 4 4 	 1 1 	 0.432087
17 27 	 4 5 	 1 1 	 0.407749
17 27 	 4 7 	 1 1 	 0.335167
17 27 	 4 8 	 1 1 	 0.521415
17 27 	 4 10 	 1 1 	 0.489545
17 19 	 5 4 	 1 1 	 0.496099
17 19 	 5 5 	 1 1 	 0.478010
17 19 	 5 7 	 1 1 	 0.497442
17 27 	 5 2 	 1 1 	 0.571576
17 27 	 5 4 	 1 1 	 0.469253
17 27 	 5 5 	 1 1 	 0.489806
17 27 	 5 7 	 1 1 	 0.493806
17 19 	 6 2 	 1 1 	 0.535135
17 19 	 6 4 	 1 1 	 0.503001
17 19 	 7 2 	 1 1 	 0.538102
17 19 	 7 4 	 1 1 	 0.452112
17 19 	 7 5 	 1 1 	 0.443650
17 19 	 7 7 	 1 1 	 0.359847
17 19 	 7 8 	 1 1 	 0.577113
17 27 	 7 1 	 1 1 	 0.540379
17 27 	 7 2 	 1 1 	 0.404324
17 27 	 7 4 	 1 1 	 0.360404
17 27 	 7 5 	 1 1 	 0.489730
17 27 	 7 7 	 1 1 	 0.588959
17 19 	 8 2 	 1 1 	 0.510319
17 19 	 8 4 	 1 1 	 0.529715
17 19 	 8 5 	 1 1 	 0.596116
17 19 	 8 7 	 1 1 	 0.492290
17 27 	 8 1 	 1 1 	 0.536572
17 27 	 8 2 	 1 1 	 0.465922
17 27 	 8 4 	 1 1 	 0.523471
17 19 	 9 3 	 1 1 	 0.595249
17 19 	 10 7 	 1 1 	 0.593802
17 27 	 10 1 	 1 1 	 0.371862
17 27 	 10 2 	 1 1 	 0.350341
17 27 	 10 4 	 1 1 	 0.513994
18 13 	 2 6 	 1 0 	 0.564208
18 13 	 4 5 	 1 0 	 0.522119
18 13 	 4 6 	 1 0 	 0.548018
18 13 	 4 7 	 1 0 	 0.585373
18 5 	 5 4 	 1 0 	 0.445366
18 5 	 5 5 	 1 0 	 0.474852
18 13 	 5 5 	 1 0 	 0.528690
18 13 	 5 7 	 1 0 	 0.492681
18 13 	 5 8 	 1 0 	 0.578504
18 24 	 6 6 	 1 1 	 0.506030
18 5 	 6 5 	 1 0 	 0.556105
19 20 	 1 10 	 1 1 	 0.513979
19 20 	 4 9 	 1 1 	 0.555950
19 20 	 5 9 	 1 1 	 0.582618
19 27 	 5 4 	 1 1 	 0.526196
19 27 	 5 5 	 1 1 	 0.539446
19 27 	 5 6 	 1 1 	 0.582138
19 20 	 6 9 	 1 1 	 0.414673
19 27 	 6 6 	 1 1 	 0.581079
19 7 	 6 3 	 1 0 	 0.450401
19 20 	 6 6 	 1 0 	 0.531488
19 27 	 7 1 	 1 1 	 0.563081
19 27 	 7 2 	 1 1 	 0.487026
19 27 	 7 4 	 1 1 	 0.348507
19 27 	 7 5 	 1 1 	 0.449730
19 27 	 7 6 	 1 1 	 0.572564
19 27 	 8 1 	 1 1 	 0.539530
19 27 	 8 2 	 1 1 	 0.531034
19 27 	 8 4 	 1 1 	 0.423434
19 27 	 8 5 	 1 1 	 0.529860
19 27 	 8 6 	 1 1 	 0.580037
19 27 	 9 5 	 1 1 	 0.592561
19 27 	 9 6 	 1 1 	 0.433320
19 30 	 9 9 	 1 1 	 0.486046
19 7 	 9 3 	 1 0 	 0.493609
20 24 	 1 7 	 1 1 	 0.536359
20 24 	 1 8 	 1 1 	 0.527656
20 24 	 2 7 	 1 1 	 0.522584
20 24 	 2 8 	 1 1 	 0.568818
20 24 	 3 9 	 1 1 	 0.492835
20 24 	 4 5 	 1 1 	 0.473955
20 24 	 4 6 	 1 1 	 0.572804
20 24 	 4 7 	 1 1 	 0.381746
20 24 	 4 8 	 1 1 	 0.481275
20 24 	 4 9 	 1 1 	 0.518317
20 24 	 5 5 	 1 1 	 0.447185
20 24 	 5 6 	 1 1 	 0.439594
20 24 	 5 7 	 1 1 	 0.480817
20 24 	 5 8 	 1 1 	 0.592825
20 24 	 5 9 	 1 1 	 0.552452
20 24 	 6 6 	 1 1 	 0.491843
20 24 	 6 9 	 1 1 	 0.504625
20 11 	 6 6 	 1 0 	 0.582072
20 19 	 6 6 	 1 0 	 0.531488
20 2 	 7 2 	 1 0 	 0.558367
20 2 	 7 3 	 1 0 	 0.526798
20 2 	 8 3 	 1 0 	 0.516264
20 2 	 9 4 	 1 0 	 0.576956
20 2 	 9 6 	 1 0 	 0.541772
22 26 	 1 8 	 1 1 	 0.582843
22 26 	 1 10 	 1 1 	 0.364911
22 26 	 2 2 	 1 1 	 0.564726
22 26 	 2 4 	 1 1 	 0.499402
22 26 	 2 5 	 1 1 	 0.596706
22 26 	 2 7 	 1 1 	 0.467810
22 26 	 2 8 	 1 1 	 0.499636
22 26 	 2 10 	 1 1 	 0.338429
22 25 	 4 4 	 1 1 	 0.592961
22 25 	 4 5 	 1 1 	 0.506914
22 25 	 4 7 	 1 1 	 0.429006
22 26 	 4 2 	 1 1 	 0.505313
22 26 	 4 4 	 1 1 	 0.360788
22 26 	 4 5 	 1 1 	 0.460784
22 26 	 4 7 	 1 1 	 0.367962
22 26 	 4 8 	 1 1 	 0.507072
22 26 	 4 10 	 1 1 	 0.449882
22 25 	 5 4 	 1 1 	 0.507134
22 25 	 5 5 	 1 1 	 0.416444
22 25 	 5 6 	 1 1 	 0.580208
22 25 	 5 7 	 1 1 	 0.459484
22 26 	 5 2 	 1 1 	 0.578208
22 26 	 5 4 	 1 1 	 0.452714
22 26 	 5 7 	 1 1 	 0.566877
22 23 	 6 6 	 1 1 	 0.580671
22 25 	 6 5 	 1 1 	 0.536371
22 25 	 6 6 	 1 1 	 0.522667
22 25 	 7 2 	 1 1 	 0.535097
22 25 	 7 4 	 1 1 	 0.346967
22 25 	 7 5 	 1 1 	 0.380900
22 25 	 7 6 	 1 1 	 0.504026
22 25 	 7 7 	 1 1 	 0.466276
22 26 	 7 1 	 1 1 	 0.543785
22 26 	 7 2 	 1 1 	 0.470474
22 26 	 7 4 	 1 1 	 0.367942
22 26 	 7 5 	 1 1 	 0.557718
22 25 	 8 4 	 1 1 	 0.513160
22 26 	 8 1 	 1 1 	 0.500355
22 26 	 8 2 	 1 1 	 0.516414
22 26 	 8 4 	 1 1 	 0.527850
22 25 	 9 6 	 1 1 	 0.490246
22 26 	 10 1 	 1 1 	 0.287842
22 26 	 10 2 	 1 1 	 0.358749
22 26 	 10 4 	 1 1 	 0.466388
23 25 	 2 3 	 1 1 	 0.530553
23 25 	 2 8 	 1 1 	 0.568030
23 25 	 2 9 	 1 1 	 0.554132
23 25 	 3 3 	 1 1 	 0.533180
23 25 	 3 6 	 1 1 	 0.576690
23 25 	 4 3 	 1 1 	 0.422314
23 25 	 4 4 	 1 1 	 0.537017
23 25 	 4 5 	 1 1 	 0.416368
23 25 	 4 6 	 1 1 	 0.529416
23 25 	 4 7 	 1 1 	 0.467361
23 25 	 4 8 	 1 1 	 0.401461
23 25 	 4 9 	 1 1 	 0.525967
23 25 	 4 10 	 1 1 	 0.567659
23 25 	 5 3 	 1 1 	 0.592991
23 25 	 5 5 	 1 1 	 0.406449
23 25 	 5 6 	 1 1 	 0.485242
23 25 	 5 7 	 1 1 	 0.491596
23 25 	 5 8 	 1 1 	 0.518419
23 25 	 6 5 	 1 1 	 0.508245
23 25 	 6 6 	 1 1 	 0.355362
23 25 	 7 5 	 1 1 	 0.502898
23 25 	 7 7 	 1 1 	 0.474129
23 25 	 7 8 	 1 1 	 0.423191
23 25 	 7 9 	 1 1 	 0.526715
23 25 	 10 9 	 1 1 	 0.570254
24 28 	 3 6 	 1 1 	 0.454422
24 28 	 3 9 	 1 1 	 0.548184
25 26 	 2 4 	 1 1 	 0.546033
25 26 	 2 5 	 1 1 	 0.567283
25 26 	 4 4 	 1 1 	 0.474092
25 26 	 4 5 	 1 1 	 0.537517
25 26 	 5 4 	 1 1 	 0.538815
25 26 	 5 5 	 1 1 	 0.572409
25 26 	 7 4 	 1 1 	 0.448894
25 26 	 7 5 	 1 1 	 0.395831
25 26 	 7 7 	 1 1 	 0.391272
25 26 	 8 5 	 1 1 	 0.458856
25 26 	 8 7 	 1 1 	 0.476918
25 26 	 10 4 	 1 1 	 0.483840
25 26 	 10 5 	 1 1 	 0.333507
25 26 	 10 7 	 1 1 	 0.467916
27 30 	 6 5 	 1 1 	 0.548111
27 30 	 6 6 	 1 1 	 0.379696
27 30 	 6 9 	 1 1 	 0.451501
27 30 	 9 3 	 1 0 	 0.468581
28 31 	 1 8 	 1 1 	 0.594258
28 9 	 2 7 	 1 0 	 0.507237
28 9 	 2 8 	 1 0 	 0.446844
28 9 	 2 10 	 1 0 	 0.383933
28 31 	 2 8 	 1 0 	 0.534924
28 31 	 3 8 	 1 0 	 0.489215
28 31 	 3 9 	 1 0 	 0.436531
28 31 	 4 5 	 1 1 	 0.555749
28 31 	 4 7 	 1 1 	 0.434378
28 31 	 4 8 	 1 1 	 0.432436
28 31 	 4 9 	 1 1 	 0.556149
28 1 	 5 5 	 1 0 	 0.508099
28 9 	 5 2 	 1 0 	 0.562627
28 9 	 5 4 	 1 0 	 0.528996
28 9 	 5 5 	 1 0 	 0.525869
28 9 	 5 7 	 1 0 	 0.424034
28 9 	 5 8 	 1 0 	 0.599040
28 31 	 5 5 	 1 0 	 0.464734
28 31 	 5 6 	 1 0 	 0.461740
28 31 	 5 7 	 1 0 	 0.458025
28 31 	 5 8 	 1 0 	 0.527586
28 31 	 5 9 	 1 0 	 0.544303
28 31 	 6 6 	 1 0 	 0.481265
28 31 	 6 9 	 1 0 	 0.575940
28 1 	 7 5 	 1 0 	 0.422614
28 9 	 7 2 	 1 0 	 0.387927
28 9 	 7 4 	 1 0 	 0.382333
28 9 	 7 5 	 1 0 	 0.480641
28 9 	 7 7 	 1 0 	 0.440257
28 1 	 8 5 	 1 0 	 0.537097
28 9 	 8 2 	 1 0 	 0.467003
28 9 	 8 4 	 1 0 	 0.527985
28 9 	 10 2 	 1 0 	 0.375268
28 9 	 10 4 	 1 0 	 0.537192
29 31 	 1 1 	 1 1 	 0.508988
29 31 	 1 2 	 1 1 	 0.595226
29 31 	 1 7 	 1 1 	 0.576743
29 31 	 1 8 	 1 1 	 0.474706
29 31 	 1 10 	 1 1 	 0.303621
29 31 	 2 1 	 1 1 	 0.467467
29 31 	 2 2 	 1 1 	 0.504870
29 31 	 2 4 	 1 1 	 0.594250
29 31 	 2 7 	 1 1 	 0.489057
29 31 	 2 8 	 1 1 	 0.481425
29 31 	 2 10 	 1 1 	 0.343491
29 31 	 4 1 	 1 1 	 0.555960
29 31 	 4 2 	 1 1 	 0.503114
29 31 	 4 4 	 1 1 	 0.487698
29 31 	 4 5 	 1 1 	 0.471315
29 31 	 4 7 	 1 1 	 0.335060
29 31 	 4 8 	 1 1 	 0.439031
29 31 	 4 10 	 1 1 	 0.421208
29 31 	 5 4 	 1 1 	 0.531158
29 31 	 5 5 	 1 1 	 0.478441
29 31 	 5 7 	 1 1 	 0.429876
29 32 	 5 4 	 1 1 	 0.543157
29 32 	 5 5 	 1 1 	 0.479959
29 32 	 5 6 	 1 1 	 0.531370
29 32 	 6 6 	 1 1 	 0.569224
29 31 	 7 1 	 1 1 	 0.558539
29 31 	 7 2 	 1 1 	 0.451527
29 31 	 7 4 	 1 1 	 0.358751
29 31 	 7 5 	 1 1 	 0.438476
29 31 	 7 7 	 1 1 	 0.443865
29 31 	 7 10 	 1 1 	 0.591348
29 32 	 7 1 	 1 1 	 0.577250
29 32 	 7 2 	 1 1 	 0.598118
29 32 	 7 4 	 1 1 	 0.378403
29 32 	 7 5 	 1 1 	 0.426678
29 32 	 7 6 	 1 1 	 0.555569
29 31 	 8 1 	 1 1 	 0.567623
29 31 	 8 2 	 1 1 	 0.506149
29 31 	 8 4 	 1 1 	 0.475678
29 32 	 8 1 	 1 1 	 0.509568
29 32 	 8 2 	 1 1 	 0.597178
29 32 	 8 4 	 1 1 	 0.434146
29 32 	 8 5 	 1 1 	 0.545188
29 32 	 9 1 	 1 1 	 0.460405
29 32 	 9 4 	 1 1 	 0.577718
29 31 	 10 1 	 1 1 	 0.372653
29 31 	 10 2 	 1 1 	 0.388928
29 31 	 10 4 	 1 1 	 0.479005
29 31 	 10 10 	 1 1 	 0.553607
29 32 	 10 4 	 1 1 	 0.574868
30 13 	 1 7 	 1 0 	 0.559178
30 13 	 1 8 	 1 0 	 0.521535
30 13 	 1 10 	 1 0 	 0.337201
30 5 	 2 7 	 1 0 	 0.577236
30 13 	 2 2 	 1 0 	 0.514744
30 13 	 2 4 	 1 0 	 0.490217
30 13 	 2 5 	 1 0 	 0.572768
30 13 	 2 7 	 1 0 	 0.477051
30 13 	 2 8 	 1 0 	 0.526198
30 13 	 2 10 	 1 0 	 0.397295
30 27 	 3 9 	 1 0 	 0.468581
30 5 	 4 8 	 1 0 	 0.528774
30 5 	 4 9 	 1 0 	 0.567472
30 7 	 5 5 	 1 0 	 0.568163
30 7 	 5 7 	 1 0 	 0.571607
30 5 	 5 8 	 1 0 	 0.560858
30 5 	 5 5 	 1 0 	 0.532177
30 5 	 5 7 	 1 0 	 0.437747
30 13 	 5 2 	 1 0 	 0.595867
30 13 	 5 4 	 1 0 	 0.468446
30 13 	 5 5 	 1 0 	 0.547900
30 13 	 5 7 	 1 0 	 0.455425
30 5 	 6 6 	 1 0 	 0.589295
30 7 	 6 3 	 1 0 	 0.501008
30 7 	 6 4 	 1 0 	 0.453931
30 7 	 6 5 	 1 0 	 0.406374
30 7 	 6 6 	 1 0 	 0.425550
30 7 	 6 7 	 1 0 	 0.541574
30 5 	 6 5 	 1 0 	 0.534577
30 5 	 6 7 	 1 0 	 0.543749
30 13 	 7 2 	 1 0 	 0.477487
30 13 	 7 4 	 1 0 	 0.325813
30 13 	 7 5 	 1 0 	 0.433440
30 13 	 7 7 	 1 0 	 0.444576
30 13 	 8 2 	 1 0 	 0.468624
30 13 	 8 4 	 1 0 	 0.418964
30 13 	 8 5 	 1 0 	 0.597887
30 7 	 9 4 	 1 0 	 0.528668
30 13 	 10 2 	 1 0 	 0.402362
30 13 	 10 3 	 1 0 	 0.575360
30 13 	 10 4 	 1 0 	 0.474600
31 32 	 2 4 	 1 1 	 0.515030
31 32 	 3 2 	 1 1 	 0.557554
31 32 	 3 3 	 1 1 	 0.567902
31 32 	 3 4 	 1 1 	 0.595871
31 14 	 3 9 	 1 0 	 0.574120
31 32 	 4 1 	 1 1 	 0.542949
31 32 	 4 2 	 1 1 	 0.445072
31 32 	 4 4 	 1 1 	 0.313255
31 32 	 4 5 	 1 1 	 0.467125
31 32 	 5 4 	 1 1 	 0.450464
31 32 	 5 5 	 1 1 	 0.466233
31 1 	 5 6 	 1 0 	 0.558934
31 28 	 5 5 	 1 0 	 0.464734
31 1 	 6 6 	 1 0 	 0.471928
31 14 	 6 6 	 1 0 	 0.484160
31 28 	 6 5 	 1 0 	 0.461740
31 28 	 6 6 	 1 0 	 0.481265
31 28 	 7 5 	 1 0 	 0.458025
31 28 	 8 2 	 1 0 	 0.534924
31 28 	 8 3 	 1 0 	 0.489215
31 28 	 8 5 	 1 0 	 0.527586
31 14 	 9 3 	 1 0 	 0.533742
31 14 	 9 6 	 1 0 	 0.586565
31 28 	 9 3 	 1 0 	 0.436531
31 28 	 9 5 	 1 0 	 0.544303
31 28 	 9 6 	 1 0 	 0.575940
