1 3 	 1 8 	 1 1 	 0.538698
1 3 	 1 10 	 1 1 	 0.435603
1 3 	 2 5 	 1 1 	 0.580963
1 3 	 2 7 	 1 1 	 0.561217
1 3 	 2 8 	 1 1 	 0.520886
1 3 	 2 10 	 1 1 	 0.506632
1 4 	 2 3 	 1 1 	 0.544159
1 3 	 3 3 	 1 1 	 0.581200
1 3 	 3 4 	 1 1 	 0.536844
1 3 	 3 5 	 1 1 	 0.570902
1 3 	 3 7 	 1 1 	 0.552234
1 3 	 3 8 	 1 1 	 0.584076
1 4 	 3 2 	 1 1 	 0.581011
1 4 	 3 3 	 1 1 	 0.525831
1 4 	 3 4 	 1 1 	 0.472942
1 4 	 3 5 	 1 1 	 0.556823
1 15 	 3 3 	 1 1 	 0.570962
1 3 	 4 4 	 1 1 	 0.496871
1 3 	 4 5 	 1 1 	 0.390519
1 3 	 4 7 	 1 1 	 0.460246
1 3 	 4 8 	 1 1 	 0.519343
1 3 	 4 10 	 1 1 	 0.503947
1 3 	 5 1 	 1 1 	 0.565234
1 3 	 5 4 	 1 1 	 0.419482
1 3 	 5 5 	 1 1 	 0.388810
1 3 	 5 7 	 1 1 	 0.562482
1 3 	 7 1 	 1 1 	 0.538942
1 3 	 7 4 	 1 1 	 0.452838
1 3 	 7 5 	 1 1 	 0.530485
1 3 	 8 1 	 1 1 	 0.436376
1 3 	 8 2 	 1 1 	 0.524169
1 3 	 8 3 	 1 1 	 0.445499
1 3 	 8 4 	 1 1 	 0.456163
1 3 	 9 1 	 1 1 	 0.599772
1 3 	 9 3 	 1 1 	 0.473942
1 4 	 9 6 	 1 1 	 0.538674
1 22 	 9 1 	 1 1 	 0.540853
1 22 	 9 2 	 1 1 	 0.560719
1 22 	 9 4 	 1 1 	 0.558081
1 22 	 9 5 	 1 1 	 0.547862
1 3 	 10 1 	 1 1 	 0.370995
1 3 	 10 2 	 1 1 	 0.538188
1 3 	 10 3 	 1 1 	 0.573861
1 3 	 10 4 	 1 1 	 0.511768
1 22 	 10 1 	 1 1 	 0.525061
1 22 	 10 4 	 1 1 	 0.557122
1 22 	 10 5 	 1 1 	 0.599977
2 12 	 1 8 	 1 1 	 0.504014
2 12 	 1 9 	 1 1 	 0.513152
2 12 	 1 10 	 1 1 	 0.297278
2 27 	 1 6 	 1 1 	 0.592950
2 12 	 2 8 	 1 1 	 0.537290
2 12 	 2 9 	 1 1 	 0.420201
2 12 	 2 10 	 1 1 	 0.405956
2 27 	 2 5 	 1 1 	 0.544560
2 27 	 2 6 	 1 1 	 0.425551
2 12 	 3 9 	 1 1 	 0.486532
2 12 	 3 10 	 1 1 	 0.571553
2 27 	 3 6 	 1 1 	 0.521493
2 12 	 4 8 	 1 1 	 0.591080
2 12 	 4 9 	 1 1 	 0.542962
2 12 	 4 10 	 1 1 	 0.445963
2 27 	 4 5 	 1 1 	 0.570993
2 27 	 4 6 	 1 1 	 0.486015
2 15 	 4 1 	 1 0 	 0.513464
2 12 	 5 8 	 1 1 	 0.551496
2 12 	 5 9 	 1 1 	 0.510369
2 12 	 5 10 	 1 1 	 0.502091
2 27 	 5 4 	 1 1 	 0.551703
2 27 	 5 5 	 1 1 	 0.560704
2 15 	 5 1 	 1 0 	 0.454438
2 15 	 5 2 	 1 0 	 0.508799
2 15 	 5 4 	 1 0 	 0.538109
2 14 	 6 5 	 1 1 	 0.598732
2 14 	 6 6 	 1 1 	 0.530924
2 15 	 6 1 	 1 1 	 0.541743
2 15 	 6 2 	 1 1 	 0.460517
2 15 	 6 3 	 1 1 	 0.453458
2 15 	 6 4 	 1 1 	 0.500271
2 15 	 6 6 	 1 1 	 0.565864
2 27 	 6 3 	 1 1 	 0.568445
2 14 	 6 9 	 1 0 	 0.574225
2 27 	 6 2 	 1 0 	 0.525564
2 27 	 6 4 	 1 0 	 0.490789
2 15 	 7 1 	 1 1 	 0.362338
2 15 	 7 2 	 1 1 	 0.439695
2 15 	 7 4 	 1 1 	 0.560274
2 12 	 7 8 	 1 0 	 0.518669
2 12 	 7 10 	 1 0 	 0.460522
2 12 	 8 1 	 1 1 	 0.539568
2 12 	 8 2 	 1 1 	 0.489541
2 15 	 8 1 	 1 1 	 0.551045
2 12 	 8 4 	 1 0 	 0.546315
2 12 	 8 5 	 1 0 	 0.547773
2 12 	 8 6 	 1 0 	 0.460424
2 12 	 8 7 	 1 0 	 0.495963
2 12 	 8 8 	 1 0 	 0.439749
2 12 	 8 10 	 1 0 	 0.452631
2 4 	 9 6 	 1 1 	 0.513760
2 4 	 9 7 	 1 1 	 0.577911
2 15 	 9 3 	 1 1 	 0.588399
2 12 	 9 6 	 1 0 	 0.484273
2 12 	 10 1 	 1 1 	 0.333038
2 12 	 10 2 	 1 1 	 0.352170
2 15 	 10 1 	 1 1 	 0.571013
2 12 	 10 4 	 1 0 	 0.445983
2 12 	 10 5 	 1 0 	 0.535578
2 12 	 10 6 	 1 0 	 0.595066
2 12 	 10 7 	 1 0 	 0.486995
2 12 	 10 8 	 1 0 	 0.487869
2 12 	 10 10 	 1 0 	 0.396454
3 15 	 2 2 	 1 1 	 0.554950
3 15 	 2 10 	 1 1 	 0.592798
3 4 	 3 6 	 1 1 	 0.569606
3 15 	 3 1 	 1 1 	 0.575303
3 15 	 3 2 	 1 1 	 0.488338
3 15 	 3 3 	 1 1 	 0.469115
3 15 	 6 8 	 1 1 	 0.477750
3 15 	 6 9 	 1 1 	 0.505708
3 15 	 6 10 	 1 1 	 0.594348
3 16 	 6 6 	 1 1 	 0.555527
3 15 	 7 3 	 1 1 	 0.552717
3 15 	 7 5 	 1 1 	 0.593698
3 15 	 7 9 	 1 1 	 0.570947
3 15 	 8 3 	 1 1 	 0.581779
3 9 	 9 2 	 1 1 	 0.586148
3 9 	 9 3 	 1 1 	 0.530604
3 15 	 9 6 	 1 1 	 0.524398
4 19 	 1 8 	 1 1 	 0.581716
4 19 	 1 10 	 1 1 	 0.466769
4 14 	 3 6 	 1 1 	 0.563368
4 19 	 4 8 	 1 1 	 0.595317
4 19 	 4 10 	 1 1 	 0.595330
4 19 	 5 8 	 1 1 	 0.489091
4 19 	 5 9 	 1 1 	 0.528604
4 19 	 5 10 	 1 1 	 0.583625
4 7 	 6 9 	 1 1 	 0.594887
4 19 	 6 9 	 1 1 	 0.454893
4 14 	 7 5 	 1 1 	 0.552668
4 14 	 7 6 	 1 1 	 0.538496
4 19 	 7 8 	 1 1 	 0.544340
4 19 	 7 9 	 1 1 	 0.559723
4 14 	 8 1 	 1 1 	 0.512771
4 14 	 8 2 	 1 1 	 0.578889
4 14 	 8 5 	 1 1 	 0.504597
4 19 	 8 8 	 1 1 	 0.477521
4 19 	 8 9 	 1 1 	 0.485693
4 14 	 8 7 	 1 0 	 0.592723
4 14 	 8 8 	 1 0 	 0.593742
4 19 	 9 9 	 1 1 	 0.531494
4 14 	 9 7 	 1 0 	 0.566912
4 14 	 9 8 	 1 0 	 0.427201
4 14 	 9 9 	 1 0 	 0.527595
4 14 	 9 10 	 1 0 	 0.521619
4 20 	 9 3 	 1 0 	 0.564789
4 29 	 9 6 	 1 0 	 0.584487
4 14 	 10 1 	 1 1 	 0.272134
4 14 	 10 2 	 1 1 	 0.346867
4 14 	 10 4 	 1 1 	 0.399147
4 14 	 10 5 	 1 1 	 0.406501
4 14 	 10 6 	 1 1 	 0.562054
4 19 	 10 8 	 1 1 	 0.580669
4 14 	 10 7 	 1 0 	 0.503154
4 14 	 10 8 	 1 0 	 0.562349
4 14 	 10 10 	 1 0 	 0.598668
5 10 	 1 5 	 1 1 	 0.549145
5 10 	 1 7 	 1 1 	 0.395366
5 10 	 1 8 	 1 1 	 0.521798
5 10 	 2 7 	 1 1 	 0.448973
5 10 	 2 8 	 1 1 	 0.512962
5 10 	 2 9 	 1 1 	 0.554034
5 24 	 2 9 	 1 0 	 0.588615
5 10 	 3 5 	 1 1 	 0.562317
5 10 	 3 7 	 1 1 	 0.518249
5 24 	 3 8 	 1 0 	 0.522236
5 26 	 3 2 	 1 0 	 0.593053
5 26 	 3 3 	 1 0 	 0.536659
5 24 	 3 9 	 1 0 	 0.538856
5 10 	 4 7 	 1 0 	 0.591958
5 10 	 4 9 	 1 0 	 0.564844
5 19 	 6 2 	 1 1 	 0.565268
5 31 	 7 4 	 1 1 	 0.564644
5 19 	 8 6 	 1 1 	 0.558299
5 31 	 8 1 	 1 1 	 0.494289
5 31 	 8 2 	 1 1 	 0.549488
5 31 	 8 4 	 1 1 	 0.480529
5 10 	 8 9 	 1 0 	 0.545400
5 7 	 9 6 	 1 1 	 0.541590
5 31 	 9 1 	 1 1 	 0.449161
5 31 	 9 2 	 1 1 	 0.399033
5 31 	 9 4 	 1 1 	 0.447502
5 32 	 9 4 	 1 1 	 0.573469
5 10 	 9 9 	 1 0 	 0.544709
5 28 	 9 6 	 1 0 	 0.565059
5 31 	 9 3 	 1 0 	 0.510729
5 31 	 10 1 	 1 1 	 0.336563
5 31 	 10 2 	 1 1 	 0.466107
5 31 	 10 4 	 1 1 	 0.421195
6 29 	 1 8 	 1 1 	 0.451354
6 29 	 1 9 	 1 1 	 0.315438
6 29 	 1 10 	 1 1 	 0.359130
6 29 	 2 9 	 1 1 	 0.485503
6 29 	 2 10 	 1 1 	 0.497540
6 29 	 3 7 	 1 1 	 0.576280
6 29 	 3 8 	 1 1 	 0.501675
6 29 	 3 9 	 1 1 	 0.457824
6 29 	 3 10 	 1 1 	 0.513944
6 23 	 4 9 	 1 1 	 0.476260
6 29 	 4 9 	 1 1 	 0.483803
6 23 	 5 6 	 1 1 	 0.531646
6 23 	 5 8 	 1 1 	 0.574456
6 23 	 5 9 	 1 1 	 0.464990
6 20 	 6 7 	 1 1 	 0.574168
6 20 	 6 9 	 1 1 	 0.500333
6 23 	 6 6 	 1 1 	 0.572577
6 23 	 6 9 	 1 1 	 0.516443
6 29 	 6 9 	 1 1 	 0.500682
6 11 	 9 9 	 1 1 	 0.555321
6 13 	 9 9 	 1 1 	 0.525089
6 17 	 9 6 	 1 1 	 0.597356
6 23 	 9 6 	 1 1 	 0.585101
7 19 	 1 5 	 1 1 	 0.538028
7 19 	 1 7 	 1 1 	 0.358788
7 19 	 1 8 	 1 1 	 0.490172
7 19 	 1 10 	 1 1 	 0.483393
7 30 	 1 6 	 1 1 	 0.586897
7 19 	 2 7 	 1 1 	 0.519752
7 30 	 2 6 	 1 1 	 0.413319
7 13 	 3 6 	 1 1 	 0.496267
7 22 	 3 6 	 1 1 	 0.457161
7 19 	 4 5 	 1 1 	 0.499076
7 19 	 4 7 	 1 1 	 0.431759
7 30 	 4 6 	 1 1 	 0.429606
7 19 	 5 5 	 1 1 	 0.462304
7 19 	 5 6 	 1 1 	 0.567864
7 19 	 5 7 	 1 1 	 0.488727
7 19 	 5 9 	 1 1 	 0.533563
7 30 	 5 6 	 1 1 	 0.553936
7 32 	 5 1 	 1 1 	 0.554533
7 19 	 6 5 	 1 1 	 0.557830
7 19 	 6 6 	 1 1 	 0.446482
7 32 	 6 5 	 1 1 	 0.478331
7 32 	 6 6 	 1 1 	 0.545656
7 30 	 7 6 	 1 1 	 0.472632
7 32 	 7 1 	 1 1 	 0.381671
7 32 	 7 2 	 1 1 	 0.560511
7 32 	 7 4 	 1 1 	 0.489867
7 32 	 7 5 	 1 1 	 0.470389
7 32 	 7 7 	 1 1 	 0.577392
7 21 	 8 1 	 1 1 	 0.511603
7 32 	 8 1 	 1 1 	 0.547978
7 32 	 8 4 	 1 1 	 0.582530
7 32 	 8 5 	 1 1 	 0.501957
7 32 	 8 7 	 1 1 	 0.483896
7 32 	 8 8 	 1 1 	 0.467772
7 12 	 9 3 	 1 1 	 0.558915
7 19 	 9 9 	 1 1 	 0.545888
7 21 	 10 1 	 1 1 	 0.339096
7 21 	 10 2 	 1 1 	 0.503036
7 21 	 10 4 	 1 1 	 0.540063
7 22 	 10 10 	 1 1 	 0.553557
7 30 	 10 6 	 1 1 	 0.502583
7 32 	 10 1 	 1 1 	 0.386882
7 32 	 10 2 	 1 1 	 0.532971
7 32 	 10 4 	 1 1 	 0.488885
7 32 	 10 5 	 1 1 	 0.506167
7 32 	 10 7 	 1 1 	 0.495125
7 32 	 10 8 	 1 1 	 0.473245
8 27 	 1 5 	 1 1 	 0.543775
8 27 	 1 7 	 1 1 	 0.373150
8 27 	 1 8 	 1 1 	 0.439385
8 27 	 1 9 	 1 1 	 0.320045
8 27 	 2 4 	 1 1 	 0.564944
8 27 	 2 5 	 1 1 	 0.523485
8 27 	 2 7 	 1 1 	 0.439121
8 27 	 2 8 	 1 1 	 0.589611
8 27 	 2 9 	 1 1 	 0.503932
8 27 	 4 1 	 1 1 	 0.483819
8 27 	 4 2 	 1 1 	 0.440985
8 27 	 4 4 	 1 1 	 0.475507
8 27 	 4 5 	 1 1 	 0.531607
8 27 	 4 7 	 1 1 	 0.453967
8 27 	 4 9 	 1 1 	 0.436786
8 27 	 4 3 	 1 0 	 0.510287
8 27 	 5 1 	 1 1 	 0.546790
8 27 	 5 2 	 1 1 	 0.502981
8 27 	 5 9 	 1 1 	 0.567121
8 27 	 5 3 	 1 0 	 0.550936
8 27 	 6 9 	 1 1 	 0.499905
8 14 	 7 7 	 1 1 	 0.525287
8 27 	 7 1 	 1 1 	 0.355452
8 27 	 7 2 	 1 1 	 0.392891
8 27 	 7 4 	 1 1 	 0.527143
8 27 	 7 3 	 1 0 	 0.587747
8 14 	 8 7 	 1 1 	 0.581109
8 27 	 8 1 	 1 1 	 0.478077
8 27 	 8 2 	 1 1 	 0.589762
8 14 	 9 7 	 1 1 	 0.482254
8 14 	 9 8 	 1 1 	 0.588891
8 14 	 9 10 	 1 1 	 0.536474
8 27 	 9 1 	 1 1 	 0.587034
8 14 	 9 4 	 1 0 	 0.560304
8 27 	 10 1 	 1 1 	 0.503752
8 29 	 10 1 	 1 1 	 0.527172
9 24 	 1 6 	 1 1 	 0.599104
9 24 	 2 6 	 1 1 	 0.420204
9 24 	 3 6 	 1 1 	 0.588320
9 31 	 3 7 	 1 1 	 0.582140
9 31 	 3 8 	 1 1 	 0.583333
9 24 	 4 5 	 1 1 	 0.540508
9 24 	 4 6 	 1 1 	 0.443921
9 24 	 5 5 	 1 1 	 0.499677
9 24 	 5 6 	 1 1 	 0.525363
9 15 	 6 6 	 1 1 	 0.559415
9 24 	 6 5 	 1 1 	 0.539561
9 24 	 6 6 	 1 1 	 0.521177
9 27 	 6 3 	 1 1 	 0.478210
9 14 	 9 3 	 1 1 	 0.489066
10 20 	 1 8 	 1 1 	 0.554070
10 20 	 1 10 	 1 1 	 0.332791
10 20 	 2 10 	 1 1 	 0.450299
10 20 	 4 8 	 1 1 	 0.561552
10 20 	 4 10 	 1 1 	 0.373985
10 20 	 5 8 	 1 1 	 0.450532
10 20 	 5 10 	 1 1 	 0.367003
10 28 	 5 9 	 1 1 	 0.559683
10 20 	 6 10 	 1 1 	 0.558484
10 26 	 6 3 	 1 0 	 0.505107
10 20 	 7 8 	 1 1 	 0.478047
10 20 	 7 10 	 1 1 	 0.429499
10 28 	 7 9 	 1 1 	 0.598401
10 5 	 7 4 	 1 0 	 0.591958
10 20 	 8 1 	 1 1 	 0.524436
10 20 	 8 2 	 1 1 	 0.578417
10 20 	 8 5 	 1 1 	 0.552791
10 20 	 8 7 	 1 1 	 0.538192
10 20 	 8 8 	 1 1 	 0.438404
10 20 	 8 9 	 1 1 	 0.594115
10 20 	 8 10 	 1 1 	 0.484052
10 28 	 8 9 	 1 1 	 0.575980
10 28 	 9 6 	 1 1 	 0.463817
10 5 	 9 4 	 1 0 	 0.564844
10 5 	 9 8 	 1 0 	 0.545400
10 5 	 9 9 	 1 0 	 0.544709
10 19 	 9 6 	 1 0 	 0.520185
10 20 	 10 1 	 1 1 	 0.284905
10 20 	 10 2 	 1 1 	 0.352491
10 20 	 10 4 	 1 1 	 0.431924
10 20 	 10 5 	 1 1 	 0.483791
10 20 	 10 7 	 1 1 	 0.493746
10 20 	 10 8 	 1 1 	 0.477079
10 20 	 10 10 	 1 1 	 0.456355
10 19 	 10 6 	 1 0 	 0.538423
11 16 	 1 7 	 1 1 	 0.577197
11 16 	 1 8 	 1 1 	 0.500011
11 16 	 1 10 	 1 1 	 0.372218
11 16 	 2 7 	 1 1 	 0.556333
11 16 	 2 8 	 1 1 	 0.469899
11 16 	 2 10 	 1 1 	 0.441905
11 21 	 3 3 	 1 1 	 0.522898
11 30 	 3 3 	 1 1 	 0.479587
11 30 	 3 9 	 1 1 	 0.593259
11 16 	 3 3 	 1 0 	 0.557944
11 16 	 4 3 	 1 1 	 0.539860
11 16 	 4 4 	 1 1 	 0.487986
11 16 	 4 5 	 1 1 	 0.450633
11 16 	 4 7 	 1 1 	 0.457578
11 16 	 4 8 	 1 1 	 0.485663
11 16 	 4 10 	 1 1 	 0.476084
11 16 	 5 4 	 1 1 	 0.443565
11 16 	 5 5 	 1 1 	 0.477037
11 16 	 5 7 	 1 1 	 0.573793
11 16 	 6 1 	 1 1 	 0.568891
11 16 	 6 4 	 1 1 	 0.516334
11 16 	 7 1 	 1 1 	 0.558517
11 16 	 7 2 	 1 1 	 0.547189
11 16 	 7 3 	 1 1 	 0.542610
11 16 	 7 4 	 1 1 	 0.464264
11 30 	 7 3 	 1 0 	 0.483133
11 30 	 8 3 	 1 1 	 0.415297
11 16 	 8 1 	 1 0 	 0.461833
11 16 	 8 2 	 1 0 	 0.466121
11 16 	 8 3 	 1 0 	 0.534169
11 16 	 8 4 	 1 0 	 0.493619
11 13 	 9 8 	 1 1 	 0.596936
11 13 	 9 9 	 1 1 	 0.496007
11 30 	 9 2 	 1 1 	 0.494936
11 30 	 9 3 	 1 1 	 0.439877
11 16 	 10 1 	 1 1 	 0.401827
11 16 	 10 2 	 1 1 	 0.502042
11 16 	 10 4 	 1 1 	 0.522476
12 18 	 3 3 	 1 1 	 0.467556
12 32 	 3 9 	 1 1 	 0.594222
12 18 	 4 9 	 1 1 	 0.540025
12 2 	 4 8 	 1 0 	 0.546315
12 2 	 4 10 	 1 0 	 0.445983
12 18 	 4 3 	 1 0 	 0.563111
12 18 	 5 9 	 1 1 	 0.437649
12 2 	 5 8 	 1 0 	 0.547773
12 2 	 5 10 	 1 0 	 0.535578
12 20 	 6 3 	 1 1 	 0.522406
12 29 	 6 6 	 1 1 	 0.517323
12 2 	 6 8 	 1 0 	 0.460424
12 2 	 6 9 	 1 0 	 0.484273
12 2 	 6 10 	 1 0 	 0.595066
12 18 	 7 9 	 1 1 	 0.587473
12 2 	 7 8 	 1 0 	 0.495963
12 2 	 7 10 	 1 0 	 0.486995
12 29 	 8 5 	 1 1 	 0.542150
12 2 	 8 7 	 1 0 	 0.518669
12 2 	 8 8 	 1 0 	 0.439749
12 2 	 8 10 	 1 0 	 0.487869
12 14 	 9 9 	 1 1 	 0.546854
12 29 	 9 4 	 1 1 	 0.552443
12 29 	 9 5 	 1 1 	 0.418558
12 29 	 9 7 	 1 1 	 0.560385
12 2 	 10 7 	 1 0 	 0.460522
12 2 	 10 8 	 1 0 	 0.452631
12 2 	 10 10 	 1 0 	 0.396454
13 30 	 1 7 	 1 1 	 0.576349
13 30 	 1 8 	 1 1 	 0.488186
13 30 	 1 10 	 1 1 	 0.375544
13 31 	 1 1 	 1 1 	 0.525126
13 31 	 1 8 	 1 0 	 0.560761
13 31 	 1 9 	 1 0 	 0.598054
13 31 	 1 10 	 1 0 	 0.371435
13 30 	 2 7 	 1 1 	 0.550691
13 30 	 2 8 	 1 1 	 0.470146
13 30 	 2 10 	 1 1 	 0.454438
13 31 	 2 8 	 1 0 	 0.578061
13 31 	 2 9 	 1 0 	 0.510171
13 31 	 2 10 	 1 0 	 0.425811
13 30 	 3 3 	 1 1 	 0.550179
13 30 	 3 4 	 1 1 	 0.595084
13 16 	 3 2 	 1 0 	 0.575663
13 16 	 3 3 	 1 0 	 0.530357
13 31 	 3 9 	 1 0 	 0.544255
13 30 	 4 4 	 1 1 	 0.480984
13 30 	 4 5 	 1 1 	 0.469091
13 30 	 4 6 	 1 1 	 0.596338
13 30 	 4 7 	 1 1 	 0.487813
13 30 	 4 8 	 1 1 	 0.509731
13 30 	 4 10 	 1 1 	 0.497318
13 30 	 5 4 	 1 1 	 0.485416
13 30 	 5 5 	 1 1 	 0.503463
13 22 	 6 6 	 1 1 	 0.596899
13 30 	 6 4 	 1 1 	 0.545742
13 30 	 6 5 	 1 1 	 0.523070
13 30 	 7 1 	 1 1 	 0.567288
13 30 	 7 2 	 1 1 	 0.575226
13 30 	 7 4 	 1 1 	 0.484183
13 30 	 8 1 	 1 1 	 0.434568
13 30 	 8 2 	 1 1 	 0.460526
13 30 	 8 4 	 1 1 	 0.475897
13 30 	 10 1 	 1 1 	 0.387611
13 30 	 10 2 	 1 1 	 0.508320
13 30 	 10 4 	 1 1 	 0.509332
14 8 	 4 9 	 1 0 	 0.560304
14 27 	 5 3 	 1 1 	 0.590815
14 27 	 5 1 	 1 0 	 0.488991
14 27 	 5 2 	 1 0 	 0.451265
14 15 	 6 3 	 1 1 	 0.572468
14 27 	 6 3 	 1 1 	 0.522236
14 27 	 6 2 	 1 0 	 0.575081
14 27 	 7 1 	 1 1 	 0.369366
14 27 	 7 2 	 1 1 	 0.426133
14 4 	 7 8 	 1 0 	 0.592723
14 4 	 7 9 	 1 0 	 0.566912
14 4 	 7 10 	 1 0 	 0.503154
14 27 	 8 1 	 1 1 	 0.457146
14 27 	 8 2 	 1 1 	 0.587575
14 4 	 8 8 	 1 0 	 0.593742
14 4 	 8 9 	 1 0 	 0.427201
14 4 	 8 10 	 1 0 	 0.562349
14 27 	 9 1 	 1 1 	 0.330954
14 27 	 9 2 	 1 1 	 0.456301
14 27 	 9 4 	 1 1 	 0.486295
14 29 	 9 4 	 1 1 	 0.565862
14 29 	 9 5 	 1 1 	 0.537523
14 29 	 9 6 	 1 1 	 0.598269
14 2 	 9 6 	 1 0 	 0.574225
14 4 	 9 9 	 1 0 	 0.527595
14 4 	 10 9 	 1 0 	 0.521619
14 4 	 10 10 	 1 0 	 0.598668
15 2 	 1 4 	 1 0 	 0.513464
15 2 	 1 5 	 1 0 	 0.454438
15 2 	 2 5 	 1 0 	 0.508799
15 2 	 4 5 	 1 0 	 0.538109
15 24 	 6 4 	 1 1 	 0.571235
15 24 	 6 6 	 1 1 	 0.537935
15 27 	 6 3 	 1 1 	 0.573317
15 24 	 9 3 	 1 1 	 0.576995
16 11 	 1 8 	 1 0 	 0.461833
16 11 	 2 8 	 1 0 	 0.466121
16 13 	 2 3 	 1 0 	 0.575663
16 31 	 3 9 	 1 1 	 0.595186
16 11 	 3 3 	 1 0 	 0.557944
16 11 	 3 8 	 1 0 	 0.534169
16 13 	 3 3 	 1 0 	 0.530357
16 30 	 3 3 	 1 0 	 0.539497
16 30 	 3 9 	 1 0 	 0.511551
16 11 	 4 8 	 1 0 	 0.493619
16 30 	 8 9 	 1 0 	 0.566495
16 30 	 9 9 	 1 0 	 0.538123
16 32 	 9 3 	 1 0 	 0.525468
17 26 	 1 1 	 1 1 	 0.441589
17 26 	 1 2 	 1 1 	 0.501140
17 26 	 1 4 	 1 1 	 0.395316
17 26 	 1 5 	 1 1 	 0.523635
17 26 	 1 6 	 1 1 	 0.363843
17 28 	 1 10 	 1 1 	 0.275688
17 28 	 1 8 	 1 0 	 0.500149
17 26 	 2 1 	 1 1 	 0.554165
17 26 	 2 2 	 1 1 	 0.546548
17 26 	 2 4 	 1 1 	 0.425546
17 26 	 2 5 	 1 1 	 0.522534
17 26 	 2 6 	 1 1 	 0.396192
17 28 	 2 10 	 1 1 	 0.353828
17 28 	 2 8 	 1 0 	 0.515567
17 28 	 2 9 	 1 0 	 0.515799
17 26 	 3 3 	 1 1 	 0.583135
17 26 	 3 4 	 1 1 	 0.498755
17 26 	 3 5 	 1 1 	 0.488952
17 26 	 3 6 	 1 1 	 0.487024
17 26 	 3 7 	 1 1 	 0.530457
17 28 	 3 9 	 1 0 	 0.578800
17 26 	 4 6 	 1 1 	 0.485804
17 28 	 4 10 	 1 1 	 0.437138
17 23 	 5 6 	 1 1 	 0.432325
17 28 	 5 8 	 1 1 	 0.570286
17 28 	 5 10 	 1 0 	 0.493002
17 20 	 6 9 	 1 1 	 0.597544
17 23 	 6 6 	 1 1 	 0.469999
17 28 	 7 10 	 1 1 	 0.468167
17 23 	 7 5 	 1 0 	 0.569797
17 23 	 7 6 	 1 0 	 0.526348
17 28 	 7 8 	 1 0 	 0.554448
17 28 	 8 8 	 1 1 	 0.443637
17 25 	 8 9 	 1 0 	 0.492881
17 28 	 8 1 	 1 0 	 0.530370
17 28 	 8 2 	 1 0 	 0.521940
17 28 	 8 4 	 1 0 	 0.558122
17 28 	 8 5 	 1 0 	 0.472622
17 28 	 8 7 	 1 0 	 0.493926
17 28 	 8 10 	 1 0 	 0.447089
17 18 	 9 6 	 1 1 	 0.564762
17 23 	 9 5 	 1 1 	 0.583196
17 23 	 9 6 	 1 1 	 0.552140
17 23 	 9 8 	 1 1 	 0.551814
17 25 	 9 6 	 1 1 	 0.588861
17 25 	 9 9 	 1 0 	 0.582066
17 25 	 10 9 	 1 1 	 0.520857
17 28 	 10 1 	 1 1 	 0.322899
17 28 	 10 2 	 1 1 	 0.369038
17 28 	 10 4 	 1 1 	 0.461190
17 28 	 10 5 	 1 1 	 0.489220
17 28 	 10 7 	 1 1 	 0.489329
17 28 	 10 10 	 1 1 	 0.395460
17 28 	 10 3 	 1 0 	 0.596015
17 28 	 10 8 	 1 0 	 0.488166
18 25 	 1 1 	 1 0 	 0.449088
18 25 	 1 2 	 1 0 	 0.504091
18 25 	 1 4 	 1 0 	 0.364593
18 25 	 1 5 	 1 0 	 0.406044
18 32 	 2 8 	 1 1 	 0.562830
18 32 	 2 9 	 1 1 	 0.552558
18 32 	 2 10 	 1 1 	 0.577014
18 25 	 2 1 	 1 0 	 0.526993
18 25 	 2 4 	 1 0 	 0.519355
18 25 	 2 5 	 1 0 	 0.538237
18 32 	 3 8 	 1 1 	 0.576286
18 32 	 3 9 	 1 1 	 0.552023
18 12 	 3 4 	 1 0 	 0.563111
18 25 	 4 1 	 1 1 	 0.371911
18 25 	 4 2 	 1 1 	 0.510254
18 25 	 4 4 	 1 1 	 0.402206
18 25 	 4 5 	 1 1 	 0.426930
18 25 	 4 6 	 1 1 	 0.487834
18 20 	 5 6 	 1 1 	 0.573330
18 25 	 5 1 	 1 1 	 0.547195
18 25 	 5 5 	 1 1 	 0.585463
18 25 	 5 6 	 1 1 	 0.466853
18 20 	 6 5 	 1 1 	 0.560705
18 20 	 6 6 	 1 1 	 0.360606
18 23 	 6 9 	 1 1 	 0.572401
18 25 	 6 6 	 1 1 	 0.565945
18 23 	 7 9 	 1 1 	 0.567895
18 23 	 7 10 	 1 1 	 0.566938
18 25 	 7 1 	 1 1 	 0.401130
18 25 	 7 2 	 1 1 	 0.590912
18 25 	 7 4 	 1 1 	 0.581416
18 25 	 8 1 	 1 1 	 0.499840
18 29 	 9 9 	 1 1 	 0.573134
18 25 	 10 1 	 1 1 	 0.347541
18 25 	 10 2 	 1 1 	 0.523244
18 25 	 10 4 	 1 1 	 0.595047
19 10 	 6 9 	 1 0 	 0.520185
19 10 	 6 10 	 1 0 	 0.538423
19 20 	 6 2 	 1 0 	 0.528970
19 20 	 6 3 	 1 0 	 0.581646
19 20 	 9 3 	 1 0 	 0.576515
20 29 	 2 6 	 1 1 	 0.576903
20 19 	 2 6 	 1 0 	 0.528970
20 29 	 3 6 	 1 1 	 0.490500
20 4 	 3 9 	 1 0 	 0.564789
20 19 	 3 6 	 1 0 	 0.581646
20 19 	 3 9 	 1 0 	 0.576515
20 29 	 4 6 	 1 1 	 0.524613
20 29 	 4 8 	 1 1 	 0.565884
20 29 	 4 9 	 1 1 	 0.565095
20 29 	 5 9 	 1 1 	 0.500849
20 29 	 6 9 	 1 1 	 0.542803
20 29 	 7 9 	 1 1 	 0.545660
20 28 	 8 9 	 1 1 	 0.514027
20 28 	 9 8 	 1 1 	 0.537289
20 28 	 9 9 	 1 1 	 0.381429
21 22 	 1 8 	 1 1 	 0.592987
21 22 	 1 10 	 1 1 	 0.404733
21 32 	 1 1 	 1 1 	 0.514562
21 32 	 1 2 	 1 1 	 0.547571
21 32 	 1 4 	 1 1 	 0.526031
21 32 	 1 5 	 1 1 	 0.585407
21 32 	 1 7 	 1 1 	 0.473731
21 32 	 1 8 	 1 1 	 0.376097
21 32 	 1 9 	 1 1 	 0.556846
21 32 	 1 10 	 1 1 	 0.383971
21 22 	 2 10 	 1 1 	 0.410914
21 32 	 2 1 	 1 1 	 0.569193
21 32 	 2 2 	 1 1 	 0.547614
21 32 	 2 3 	 1 1 	 0.578451
21 32 	 2 4 	 1 1 	 0.585097
21 32 	 2 7 	 1 1 	 0.598760
21 32 	 2 8 	 1 1 	 0.523647
21 32 	 2 10 	 1 1 	 0.442837
21 32 	 3 3 	 1 1 	 0.586786
21 32 	 4 1 	 1 1 	 0.517314
21 32 	 4 2 	 1 1 	 0.439766
21 32 	 4 3 	 1 1 	 0.422300
21 32 	 4 4 	 1 1 	 0.423539
21 32 	 4 5 	 1 1 	 0.534533
21 32 	 4 7 	 1 1 	 0.452770
21 32 	 4 8 	 1 1 	 0.459910
21 32 	 4 10 	 1 1 	 0.362963
21 32 	 5 2 	 1 1 	 0.530431
21 32 	 5 3 	 1 1 	 0.414495
21 32 	 5 4 	 1 1 	 0.454777
21 32 	 5 5 	 1 1 	 0.529107
21 32 	 5 7 	 1 1 	 0.447064
21 32 	 5 8 	 1 1 	 0.515145
21 32 	 5 10 	 1 1 	 0.381262
21 32 	 6 3 	 1 1 	 0.518426
21 32 	 6 4 	 1 1 	 0.525898
21 32 	 6 5 	 1 1 	 0.546927
21 32 	 6 6 	 1 1 	 0.533071
21 32 	 6 7 	 1 1 	 0.544152
21 25 	 6 6 	 1 0 	 0.524906
21 32 	 7 3 	 1 1 	 0.436033
21 32 	 7 10 	 1 1 	 0.542640
22 32 	 2 9 	 1 1 	 0.557478
22 32 	 3 9 	 1 1 	 0.596373
22 30 	 8 5 	 1 1 	 0.575994
22 30 	 9 1 	 1 1 	 0.489948
22 30 	 9 2 	 1 1 	 0.454904
22 30 	 9 3 	 1 1 	 0.541114
22 30 	 9 4 	 1 1 	 0.453797
22 30 	 9 5 	 1 1 	 0.468002
22 30 	 9 7 	 1 1 	 0.510386
23 25 	 1 10 	 1 0 	 0.554665
23 25 	 2 10 	 1 1 	 0.519063
23 25 	 3 10 	 1 1 	 0.598447
23 17 	 5 7 	 1 0 	 0.569797
23 17 	 6 7 	 1 0 	 0.526348
23 25 	 10 1 	 1 1 	 0.485040
23 25 	 10 2 	 1 1 	 0.529268
24 27 	 1 10 	 1 0 	 0.549590
24 28 	 1 4 	 1 0 	 0.560401
24 31 	 3 3 	 1 1 	 0.550016
24 31 	 3 5 	 1 1 	 0.587386
24 31 	 3 6 	 1 1 	 0.425095
24 27 	 4 8 	 1 0 	 0.459261
24 27 	 4 9 	 1 0 	 0.581669
24 27 	 4 10 	 1 0 	 0.515500
24 27 	 5 8 	 1 0 	 0.524029
24 27 	 5 9 	 1 0 	 0.481457
24 27 	 7 8 	 1 0 	 0.464642
24 27 	 7 9 	 1 0 	 0.403328
24 27 	 7 10 	 1 0 	 0.595109
24 26 	 8 1 	 1 1 	 0.560411
24 26 	 8 2 	 1 1 	 0.569131
24 27 	 8 8 	 1 1 	 0.577963
24 27 	 8 9 	 1 1 	 0.558458
24 5 	 8 3 	 1 0 	 0.522236
24 5 	 9 2 	 1 0 	 0.588615
24 5 	 9 3 	 1 0 	 0.538856
24 26 	 10 1 	 1 1 	 0.364511
24 26 	 10 2 	 1 1 	 0.433108
24 27 	 10 8 	 1 1 	 0.453767
24 27 	 10 9 	 1 1 	 0.540133
24 27 	 10 10 	 1 1 	 0.466811
25 18 	 1 1 	 1 0 	 0.449088
25 18 	 1 2 	 1 0 	 0.526993
25 18 	 2 1 	 1 0 	 0.504091
25 18 	 4 1 	 1 0 	 0.364593
25 18 	 4 2 	 1 0 	 0.519355
25 18 	 5 1 	 1 0 	 0.406044
25 18 	 5 2 	 1 0 	 0.538237
25 21 	 6 6 	 1 0 	 0.524906
25 32 	 6 6 	 1 0 	 0.505922
25 28 	 9 2 	 1 1 	 0.560271
25 28 	 9 3 	 1 0 	 0.474794
25 17 	 9 8 	 1 0 	 0.492881
25 17 	 9 9 	 1 0 	 0.582066
25 23 	 10 1 	 1 0 	 0.554665
26 27 	 1 10 	 1 1 	 0.589177
26 28 	 1 7 	 1 1 	 0.563066
26 28 	 1 10 	 1 1 	 0.412569
26 28 	 1 8 	 1 0 	 0.532550
26 28 	 2 10 	 1 1 	 0.468317
26 5 	 2 3 	 1 0 	 0.593053
26 28 	 2 8 	 1 0 	 0.535337
26 28 	 2 9 	 1 0 	 0.518033
26 5 	 3 3 	 1 0 	 0.536659
26 10 	 3 6 	 1 0 	 0.505107
26 28 	 3 9 	 1 0 	 0.517273
26 28 	 4 10 	 1 1 	 0.497324
26 28 	 4 9 	 1 0 	 0.599835
27 14 	 1 5 	 1 0 	 0.488991
27 2 	 2 6 	 1 0 	 0.525564
27 14 	 2 5 	 1 0 	 0.451265
27 14 	 2 6 	 1 0 	 0.575081
27 8 	 3 4 	 1 0 	 0.510287
27 8 	 3 5 	 1 0 	 0.550936
27 8 	 3 7 	 1 0 	 0.587747
27 2 	 4 6 	 1 0 	 0.490789
27 24 	 8 4 	 1 0 	 0.459261
27 24 	 8 5 	 1 0 	 0.524029
27 24 	 8 7 	 1 0 	 0.464642
27 24 	 9 4 	 1 0 	 0.581669
27 24 	 9 5 	 1 0 	 0.481457
27 24 	 9 7 	 1 0 	 0.403328
27 24 	 10 1 	 1 0 	 0.549590
27 24 	 10 4 	 1 0 	 0.515500
27 24 	 10 7 	 1 0 	 0.595109
28 17 	 1 8 	 1 0 	 0.530370
28 17 	 2 8 	 1 0 	 0.521940
28 17 	 3 10 	 1 0 	 0.596015
28 25 	 3 9 	 1 0 	 0.474794
28 24 	 4 1 	 1 0 	 0.560401
28 17 	 4 8 	 1 0 	 0.558122
28 17 	 5 8 	 1 0 	 0.472622
28 5 	 6 9 	 1 0 	 0.565059
28 32 	 6 6 	 1 0 	 0.457623
28 17 	 7 8 	 1 0 	 0.493926
28 17 	 8 1 	 1 0 	 0.500149
28 17 	 8 2 	 1 0 	 0.515567
28 17 	 8 7 	 1 0 	 0.554448
28 17 	 8 10 	 1 0 	 0.488166
28 26 	 8 1 	 1 0 	 0.532550
28 26 	 8 2 	 1 0 	 0.535337
28 17 	 9 2 	 1 0 	 0.515799
28 17 	 9 3 	 1 0 	 0.578800
28 26 	 9 2 	 1 0 	 0.518033
28 26 	 9 3 	 1 0 	 0.517273
28 26 	 9 4 	 1 0 	 0.599835
28 17 	 10 5 	 1 0 	 0.493002
28 17 	 10 8 	 1 0 	 0.447089
29 4 	 6 9 	 1 0 	 0.584487
30 11 	 3 7 	 1 0 	 0.483133
30 16 	 3 3 	 1 0 	 0.539497
30 32 	 6 1 	 1 1 	 0.421082
30 32 	 6 2 	 1 1 	 0.588583
30 32 	 7 1 	 1 1 	 0.520750
30 32 	 7 2 	 1 1 	 0.569913
30 31 	 8 1 	 1 1 	 0.554935
30 31 	 8 2 	 1 1 	 0.570764
30 32 	 8 1 	 1 1 	 0.516150
30 32 	 8 2 	 1 1 	 0.504907
30 31 	 9 1 	 1 1 	 0.583515
30 31 	 9 2 	 1 1 	 0.498883
30 32 	 9 2 	 1 1 	 0.528212
30 32 	 9 3 	 1 1 	 0.501249
30 16 	 9 3 	 1 0 	 0.511551
30 16 	 9 8 	 1 0 	 0.566495
30 16 	 9 9 	 1 0 	 0.538123
30 31 	 9 3 	 1 0 	 0.525507
30 31 	 9 6 	 1 0 	 0.595364
30 31 	 10 1 	 1 1 	 0.329809
30 31 	 10 2 	 1 1 	 0.398540
30 31 	 10 4 	 1 1 	 0.565191
30 32 	 10 1 	 1 1 	 0.477542
30 32 	 10 2 	 1 1 	 0.500706
30 31 	 10 10 	 1 0 	 0.586161
31 32 	 1 1 	 1 1 	 0.561475
31 32 	 1 2 	 1 1 	 0.576016
31 32 	 2 1 	 1 1 	 0.546981
31 32 	 2 2 	 1 1 	 0.496455
31 5 	 3 9 	 1 0 	 0.510729
31 30 	 3 9 	 1 0 	 0.525507
31 32 	 3 2 	 1 0 	 0.533267
31 32 	 3 3 	 1 0 	 0.505404
31 30 	 6 9 	 1 0 	 0.595364
31 13 	 8 1 	 1 0 	 0.560761
31 13 	 8 2 	 1 0 	 0.578061
31 13 	 9 1 	 1 0 	 0.598054
31 13 	 9 2 	 1 0 	 0.510171
31 13 	 9 3 	 1 0 	 0.544255
31 13 	 10 1 	 1 0 	 0.371435
31 13 	 10 2 	 1 0 	 0.425811
31 30 	 10 10 	 1 0 	 0.586161
32 31 	 2 3 	 1 0 	 0.533267
32 16 	 3 9 	 1 0 	 0.525468
32 31 	 3 3 	 1 0 	 0.505404
32 25 	 6 6 	 1 0 	 0.505922
32 28 	 6 6 	 1 0 	 0.457623
