# # mol1 mol2 mol1res mol2res distance angle
1.000000000000000000e+00 2.000000000000000000e+00 1.000000000000000000e+00 1.520000000000000000e+02 5.681995190365206616e-01 6.896990624980404050e+01
2.000000000000000000e+00 3.000000000000000000e+00 2.000000000000000000e+00 9.000000000000000000e+01 5.024689045105180663e-01 7.814516503112399448e+01
2.000000000000000000e+00 3.000000000000000000e+00 2.000000000000000000e+00 1.470000000000000000e+02 4.941305923763702479e-01 6.655709756804905908e+01
2.000000000000000000e+00 1.000000000000000000e+00 2.000000000000000000e+00 1.840000000000000000e+02 5.514100511819178818e-01 1.626077609903712187e+02
3.000000000000000000e+00 1.000000000000000000e+00 3.000000000000000000e+00 9.400000000000000000e+01 5.122589405976454291e-01 1.064592940995216992e+02
1.000000000000000000e+00 1.000000000000000000e+00 4.000000000000000000e+00 1.300000000000000000e+01 5.227051431415867810e-01 1.061534401590086674e+02
1.000000000000000000e+00 2.000000000000000000e+00 4.000000000000000000e+00 8.000000000000000000e+01 5.755945718221383567e-01 6.523548589968200417e+01
2.000000000000000000e+00 1.000000000000000000e+00 5.000000000000000000e+00 1.300000000000000000e+01 5.063161067949546457e-01 1.711895564321674783e+02
2.000000000000000000e+00 3.000000000000000000e+00 5.000000000000000000e+00 8.100000000000000000e+01 5.117071645210981012e-01 1.110936203895522283e+02
1.000000000000000000e+00 3.000000000000000000e+00 7.000000000000000000e+00 5.400000000000000000e+01 5.181114208782165997e-01 1.033883541236254757e+02
1.000000000000000000e+00 1.000000000000000000e+00 7.000000000000000000e+00 6.700000000000000000e+01 5.972583658313673771e-01 1.360921001029861088e+02
2.000000000000000000e+00 2.000000000000000000e+00 8.000000000000000000e+00 5.600000000000000000e+01 5.643894439519970829e-01 1.142854526946735660e+02
2.000000000000000000e+00 2.000000000000000000e+00 8.000000000000000000e+00 9.500000000000000000e+01 5.951075533044420940e-01 7.297311397032650859e+01
2.000000000000000000e+00 3.000000000000000000e+00 8.000000000000000000e+00 9.600000000000000000e+01 4.887986406600484668e-01 8.693377818627554632e+01
3.000000000000000000e+00 3.000000000000000000e+00 9.000000000000000000e+00 2.400000000000000000e+01 5.707683904663566343e-01 1.108896868853059345e+02
3.000000000000000000e+00 2.000000000000000000e+00 9.000000000000000000e+00 7.400000000000000000e+01 5.362032160374351486e-01 1.423146498893303260e+02
1.000000000000000000e+00 2.000000000000000000e+00 1.000000000000000000e+01 4.700000000000000000e+01 5.082844785266524834e-01 1.043293691453203564e+02
1.000000000000000000e+00 3.000000000000000000e+00 1.000000000000000000e+01 4.800000000000000000e+01 5.908718605210059316e-01 1.063330986715981510e+02
1.000000000000000000e+00 2.000000000000000000e+00 1.000000000000000000e+01 5.900000000000000000e+01 4.108303245325928277e-01 8.447160464117986578e+01
1.000000000000000000e+00 1.000000000000000000e+00 1.000000000000000000e+01 7.000000000000000000e+01 5.682018420714008977e-01 6.306524769736903835e+01
1.000000000000000000e+00 2.000000000000000000e+00 1.000000000000000000e+01 7.100000000000000000e+01 5.480789683572578896e-01 1.330356395072869304e+02
2.000000000000000000e+00 3.000000000000000000e+00 1.100000000000000000e+01 3.000000000000000000e+01 4.767894946642829423e-01 1.281101593314317313e+02
2.000000000000000000e+00 2.000000000000000000e+00 1.100000000000000000e+01 4.100000000000000000e+01 5.923600631747925060e-01 8.879966560477285498e+01
2.000000000000000000e+00 1.000000000000000000e+00 1.100000000000000000e+01 4.900000000000000000e+01 5.247380298777662988e-01 8.708421108331093308e+01
2.000000000000000000e+00 2.000000000000000000e+00 1.100000000000000000e+01 7.100000000000000000e+01 5.794763920030643334e-01 9.138901027089275431e+01
2.000000000000000000e+00 3.000000000000000000e+00 1.100000000000000000e+01 2.730000000000000000e+02 5.894343918726003828e-01 6.577000974977057979e+01
3.000000000000000000e+00 3.000000000000000000e+00 1.200000000000000000e+01 1.500000000000000000e+01 5.954565941826114317e-01 1.318591483358804624e+02
3.000000000000000000e+00 1.000000000000000000e+00 1.200000000000000000e+01 5.200000000000000000e+01 5.721337256271469274e-01 1.216314876517957941e+02
3.000000000000000000e+00 3.000000000000000000e+00 1.200000000000000000e+01 7.200000000000000000e+01 5.082268740981290556e-01 8.634273869819330116e+01
1.000000000000000000e+00 2.000000000000000000e+00 1.300000000000000000e+01 8.000000000000000000e+01 5.102946861046732119e-01 9.446105152151498885e+01
1.000000000000000000e+00 3.000000000000000000e+00 1.300000000000000000e+01 8.100000000000000000e+01 5.790611174805105898e-01 7.290872408273931171e+01
2.000000000000000000e+00 2.000000000000000000e+00 1.400000000000000000e+01 2.000000000000000000e+01 5.243634235909288011e-01 4.880441281264437237e+01
2.000000000000000000e+00 1.000000000000000000e+00 1.400000000000000000e+01 5.200000000000000000e+01 5.411762908496434710e-01 4.673271564025870362e+01
2.000000000000000000e+00 1.000000000000000000e+00 1.400000000000000000e+01 5.800000000000000000e+01 5.460396810977506954e-01 6.250595674419455605e+01
3.000000000000000000e+00 3.000000000000000000e+00 1.500000000000000000e+01 2.100000000000000000e+01 5.479994931060099272e-01 1.333142249840167324e+02
3.000000000000000000e+00 2.000000000000000000e+00 1.500000000000000000e+01 5.300000000000000000e+01 4.636920673608005972e-01 2.482222275099056574e+01
3.000000000000000000e+00 3.000000000000000000e+00 1.500000000000000000e+01 2.370000000000000000e+02 4.546325574815582304e-01 4.733687428653028206e+01
1.000000000000000000e+00 3.000000000000000000e+00 1.600000000000000000e+01 6.000000000000000000e+01 4.400820630544057810e-01 4.414112970605560804e+01
2.000000000000000000e+00 2.000000000000000000e+00 1.700000000000000000e+01 2.300000000000000000e+01 5.620156186046393332e-01 7.592471618841344139e+01
2.000000000000000000e+00 1.000000000000000000e+00 1.700000000000000000e+01 3.400000000000000000e+01 5.091724222260622934e-01 9.912713373993919674e+01
2.000000000000000000e+00 3.000000000000000000e+00 1.700000000000000000e+01 6.300000000000000000e+01 4.952863369360755441e-01 4.860723913911106564e+01
1.000000000000000000e+00 1.000000000000000000e+00 1.900000000000000000e+01 5.200000000000000000e+01 5.499039310037103778e-01 8.475059772713252926e+01
2.000000000000000000e+00 1.000000000000000000e+00 2.000000000000000000e+01 5.200000000000000000e+01 5.461706082657078465e-01 9.406299688468881470e+01
2.000000000000000000e+00 1.000000000000000000e+00 2.000000000000000000e+01 5.800000000000000000e+01 5.027059003256499903e-01 1.022768350113091458e+02
2.000000000000000000e+00 3.000000000000000000e+00 2.000000000000000000e+01 7.200000000000000000e+01 5.358593306290582170e-01 6.803093096008819884e+01
3.000000000000000000e+00 2.000000000000000000e+00 2.100000000000000000e+01 5.000000000000000000e+01 5.610907036993012520e-01 1.577763148002276807e+02
1.000000000000000000e+00 2.000000000000000000e+00 2.200000000000000000e+01 7.700000000000000000e+01 5.479571151102976545e-01 4.779308076384433690e+01
2.000000000000000000e+00 3.000000000000000000e+00 2.300000000000000000e+01 6.300000000000000000e+01 4.886858795677330725e-01 5.132342313706416803e+01
2.000000000000000000e+00 1.000000000000000000e+00 2.300000000000000000e+01 6.700000000000000000e+01 5.762947741101477339e-01 1.091033939421539571e+02
2.000000000000000000e+00 3.000000000000000000e+00 2.300000000000000000e+01 7.500000000000000000e+01 4.842838928654234487e-01 5.157053635311759621e+01
3.000000000000000000e+00 1.000000000000000000e+00 2.400000000000000000e+01 6.700000000000000000e+01 5.819928407348897714e-01 1.429991357417612505e+02
3.000000000000000000e+00 2.000000000000000000e+00 2.400000000000000000e+01 7.400000000000000000e+01 4.882797467754637633e-01 1.060253230612555200e+02
1.000000000000000000e+00 1.000000000000000000e+00 2.500000000000000000e+01 2.800000000000000000e+01 5.449731899623856402e-01 1.131419030228238114e+02
1.000000000000000000e+00 1.000000000000000000e+00 2.500000000000000000e+01 1.801000000000000000e+03 5.191598941131292388e-01 7.224482435247817591e+01
2.000000000000000000e+00 1.000000000000000000e+00 2.600000000000000000e+01 9.100000000000000000e+01 5.751904998442782802e-01 9.823845364931958102e+01
2.000000000000000000e+00 2.000000000000000000e+00 2.600000000000000000e+01 1.814000000000000000e+03 5.737772294095410119e-01 7.423590775924888874e+01
3.000000000000000000e+00 2.000000000000000000e+00 2.700000000000000000e+01 3.500000000000000000e+01 4.771090022206666004e-01 5.503403683837168359e+01
3.000000000000000000e+00 3.000000000000000000e+00 2.700000000000000000e+01 3.600000000000000000e+01 5.261019123917175522e-01 1.135389975809607677e+02
3.000000000000000000e+00 2.000000000000000000e+00 2.700000000000000000e+01 6.500000000000000000e+01 5.683404691634130756e-01 3.524560550684231686e+01
3.000000000000000000e+00 2.000000000000000000e+00 2.700000000000000000e+01 8.600000000000000000e+01 5.720980879379186090e-01 4.508100836884280938e+01
1.000000000000000000e+00 1.000000000000000000e+00 2.800000000000000000e+01 9.100000000000000000e+01 5.296504088127899079e-01 1.009429596222871908e+02
2.000000000000000000e+00 2.000000000000000000e+00 2.900000000000000000e+01 7.100000000000000000e+01 5.783182514844227295e-01 5.936630104514888728e+01
2.000000000000000000e+00 2.000000000000000000e+00 2.900000000000000000e+01 8.300000000000000000e+01 5.616385749651539028e-01 3.176520212186554204e+01
2.000000000000000000e+00 2.000000000000000000e+00 2.900000000000000000e+01 9.200000000000000000e+01 5.131987918925769998e-01 4.056414928569804346e+01
3.000000000000000000e+00 1.000000000000000000e+00 3.000000000000000000e+01 4.900000000000000000e+01 5.069422496147311108e-01 1.298588424161150670e+02
3.000000000000000000e+00 2.000000000000000000e+00 3.000000000000000000e+01 7.100000000000000000e+01 5.133088738761489855e-01 8.922956713704233778e+01
1.000000000000000000e+00 1.000000000000000000e+00 3.400000000000000000e+01 6.100000000000000000e+01 5.853555424791935247e-01 8.933520316871920386e+01
1.000000000000000000e+00 1.000000000000000000e+00 3.400000000000000000e+01 6.400000000000000000e+01 5.827701090481565149e-01 8.592796430190765022e+01
1.000000000000000000e+00 2.000000000000000000e+00 3.400000000000000000e+01 6.800000000000000000e+01 5.710311336131818072e-01 8.900749942410752169e+01
1.000000000000000000e+00 3.000000000000000000e+00 3.400000000000000000e+01 7.500000000000000000e+01 5.119716789042142446e-01 1.626296243564176223e+02
2.000000000000000000e+00 1.000000000000000000e+00 3.500000000000000000e+01 6.400000000000000000e+01 5.960519179474960128e-01 7.494215662370716302e+01
2.000000000000000000e+00 2.000000000000000000e+00 3.500000000000000000e+01 6.500000000000000000e+01 5.868849025906942574e-01 8.643548937554689360e+01
2.000000000000000000e+00 2.000000000000000000e+00 3.500000000000000000e+01 6.800000000000000000e+01 4.711698207652948445e-01 6.626622514428768795e+01
2.000000000000000000e+00 3.000000000000000000e+00 3.500000000000000000e+01 6.900000000000000000e+01 5.653626171660884880e-01 1.107058710868485178e+02
2.000000000000000000e+00 3.000000000000000000e+00 3.500000000000000000e+01 8.700000000000000000e+01 5.318928463515941729e-01 6.434143887255285676e+01
1.000000000000000000e+00 1.000000000000000000e+00 3.700000000000000000e+01 5.500000000000000000e+01 5.660408308790293441e-01 8.371295418536543309e+01
2.000000000000000000e+00 1.000000000000000000e+00 3.800000000000000000e+01 5.500000000000000000e+01 4.765776140590559096e-01 5.682879148212114018e+01
1.000000000000000000e+00 1.000000000000000000e+00 4.000000000000000000e+01 7.000000000000000000e+01 5.978460411250451356e-01 7.351161663503320653e+01
1.000000000000000000e+00 2.000000000000000000e+00 4.000000000000000000e+01 9.200000000000000000e+01 4.748760072084321493e-01 7.244739482482135884e+01
1.000000000000000000e+00 3.000000000000000000e+00 4.000000000000000000e+01 9.300000000000000000e+01 5.442290163361581667e-01 1.597143870811881357e+02
2.000000000000000000e+00 2.000000000000000000e+00 4.400000000000000000e+01 5.300000000000000000e+01 5.264719049167455589e-01 4.370147986520035488e+01
2.000000000000000000e+00 2.000000000000000000e+00 4.400000000000000000e+01 8.900000000000000000e+01 4.728045168048956026e-01 4.675959221823499234e+01
3.000000000000000000e+00 3.000000000000000000e+00 4.500000000000000000e+01 1.110000000000000000e+02 4.546325574815583970e-01 4.733687428653028206e+01
3.000000000000000000e+00 2.000000000000000000e+00 4.500000000000000000e+01 1.490000000000000000e+02 5.818017895488315494e-01 7.204503419597170932e+01
2.000000000000000000e+00 2.000000000000000000e+00 4.700000000000000000e+01 5.900000000000000000e+01 5.149608399351019994e-01 3.299990012144124307e+01
3.000000000000000000e+00 1.000000000000000000e+00 4.800000000000000000e+01 7.000000000000000000e+01 4.163756316917049949e-01 1.661619674051792970e+02
3.000000000000000000e+00 1.000000000000000000e+00 4.800000000000000000e+01 8.200000000000000000e+01 5.812286794178154192e-01 2.559369627106191203e+01
3.000000000000000000e+00 2.000000000000000000e+00 4.800000000000000000e+01 8.300000000000000000e+01 5.062125157590544600e-01 1.188539837245072164e+02
1.000000000000000000e+00 1.000000000000000000e+00 4.900000000000000000e+01 5.800000000000000000e+01 5.464391803099203360e-01 1.568732654373455944e+02
3.000000000000000000e+00 1.000000000000000000e+00 5.100000000000000000e+01 8.800000000000000000e+01 4.814794330440754222e-01 1.200925541105906973e+02
3.000000000000000000e+00 2.000000000000000000e+00 5.100000000000000000e+01 1.940000000000000000e+02 4.941305923763703034e-01 6.655709756804905908e+01
3.000000000000000000e+00 3.000000000000000000e+00 5.100000000000000000e+01 2.820000000000000000e+02 5.575209693017036949e-01 8.097827963994909339e+01
1.000000000000000000e+00 3.000000000000000000e+00 5.200000000000000000e+01 7.200000000000000000e+01 4.964570027258711771e-01 4.851874758806492594e+01
2.000000000000000000e+00 2.000000000000000000e+00 5.300000000000000000e+01 8.900000000000000000e+01 5.241684419683767526e-01 8.145973176128164539e+01
2.000000000000000000e+00 3.000000000000000000e+00 5.300000000000000000e+01 2.370000000000000000e+02 5.818017895488313274e-01 7.204503419597170932e+01
2.000000000000000000e+00 1.000000000000000000e+00 5.600000000000000000e+01 1.930000000000000000e+02 5.681995190365205506e-01 6.896990624980404050e+01
1.000000000000000000e+00 3.000000000000000000e+00 5.800000000000000000e+01 7.200000000000000000e+01 4.628208196603858515e-01 3.924438087777959794e+01
2.000000000000000000e+00 1.000000000000000000e+00 5.900000000000000000e+01 7.000000000000000000e+01 5.937229058145633287e-01 3.910719696709725213e+01
2.000000000000000000e+00 2.000000000000000000e+00 5.900000000000000000e+01 7.100000000000000000e+01 4.716110685723997609e-01 5.007110129588350134e+01
1.000000000000000000e+00 3.000000000000000000e+00 6.100000000000000000e+01 7.800000000000000000e+01 5.260271433638722405e-01 9.206273322596312880e+01
2.000000000000000000e+00 3.000000000000000000e+00 6.200000000000000000e+01 7.800000000000000000e+01 5.348314376199914122e-01 1.688687247268405045e+01
3.000000000000000000e+00 3.000000000000000000e+00 6.300000000000000000e+01 7.800000000000000000e+01 5.517915266555739606e-01 1.737396740716639556e+02
2.000000000000000000e+00 3.000000000000000000e+00 6.500000000000000000e+01 6.900000000000000000e+01 5.975420952163583710e-01 1.127041899261843270e+02
2.000000000000000000e+00 1.000000000000000000e+00 6.500000000000000000e+01 7.300000000000000000e+01 5.070907216662521311e-01 1.086052497078461130e+02
2.000000000000000000e+00 2.000000000000000000e+00 6.500000000000000000e+01 8.600000000000000000e+01 5.555499777497767688e-01 6.989277964064712023e+01
2.000000000000000000e+00 3.000000000000000000e+00 6.500000000000000000e+01 9.600000000000000000e+01 5.953793375282310230e-01 1.178117415774919863e+02
3.000000000000000000e+00 1.000000000000000000e+00 6.600000000000000000e+01 1.801000000000000000e+03 5.944597735105566771e-01 1.563648460831375075e+02
1.000000000000000000e+00 2.000000000000000000e+00 6.700000000000000000e+01 7.400000000000000000e+01 5.851521169747231355e-01 3.862026488258209156e+01
2.000000000000000000e+00 2.000000000000000000e+00 6.800000000000000000e+01 7.400000000000000000e+01 5.981294917397813604e-01 3.765858428149673642e+01
2.000000000000000000e+00 3.000000000000000000e+00 6.800000000000000000e+01 8.700000000000000000e+01 4.922881947260843161e-01 1.439155369481942159e+01
3.000000000000000000e+00 2.000000000000000000e+00 6.900000000000000000e+01 7.400000000000000000e+01 4.658064691120835654e-01 4.501083675045455124e+01
3.000000000000000000e+00 3.000000000000000000e+00 6.900000000000000000e+01 8.700000000000000000e+01 5.419348054271232451e-01 9.398289611733017068e+01
3.000000000000000000e+00 3.000000000000000000e+00 6.900000000000000000e+01 9.600000000000000000e+01 5.098448565767605967e-01 7.532889336149069948e+01
1.000000000000000000e+00 2.000000000000000000e+00 7.000000000000000000e+01 8.300000000000000000e+01 5.540403114094372139e-01 5.763403816192838036e+01
1.000000000000000000e+00 3.000000000000000000e+00 7.000000000000000000e+01 9.300000000000000000e+01 5.462913345662940845e-01 1.044246829075293590e+02
1.000000000000000000e+00 1.000000000000000000e+00 7.300000000000000000e+01 8.890000000000000000e+02 5.191598941131290168e-01 7.224482435247817591e+01
1.000000000000000000e+00 3.000000000000000000e+00 7.300000000000000000e+01 9.300000000000000000e+02 5.944597735105564551e-01 1.563648460831375075e+02
2.000000000000000000e+00 3.000000000000000000e+00 8.000000000000000000e+01 9.000000000000000000e+01 5.391665378670638109e-01 2.524947898303871341e+01
3.000000000000000000e+00 2.000000000000000000e+00 8.100000000000000000e+01 1.070000000000000000e+02 5.894343918726003828e-01 6.577000974977057979e+01
1.000000000000000000e+00 3.000000000000000000e+00 8.500000000000000000e+01 9.570000000000000000e+02 4.993989855482959261e-01 4.223451917301308356e+01
2.000000000000000000e+00 2.000000000000000000e+00 8.600000000000000000e+01 8.900000000000000000e+02 5.737772294095407899e-01 7.423590775924888874e+01
1.000000000000000000e+00 2.000000000000000000e+00 8.800000000000000000e+01 1.940000000000000000e+02 5.514100511819178818e-01 1.626077609903712187e+02
3.000000000000000000e+00 3.000000000000000000e+00 9.000000000000000000e+01 1.470000000000000000e+02 5.575209693017036949e-01 8.097827963994909339e+01
1.000000000000000000e+00 2.000000000000000000e+00 9.100000000000000000e+01 1.823000000000000000e+03 5.395640978193003701e-01 3.378027738910153488e+01
3.000000000000000000e+00 1.000000000000000000e+00 9.300000000000000000e+01 1.813000000000000000e+03 4.993989855482961482e-01 4.223451917301308356e+01
2.000000000000000000e+00 1.000000000000000000e+00 9.500000000000000000e+01 9.550000000000000000e+02 5.395640978193004811e-01 3.378027738910153488e+01
