# # mol1 mol2 mol1res mol2res distance angle
1.000000000000000000e+00 1.000000000000000000e+00 1.000000000000000000e+00 7.000000000000000000e+00 5.993562287061754423e-01 1.262653685526504290e+02
1.000000000000000000e+00 1.000000000000000000e+00 1.000000000000000000e+00 1.000000000000000000e+01 5.202520756539297242e-01 8.041801575956185388e+01
1.000000000000000000e+00 1.000000000000000000e+00 1.000000000000000000e+00 4.300000000000000000e+01 5.906391077092298936e-01 4.148423383203238046e+01
3.000000000000000000e+00 1.000000000000000000e+00 3.000000000000000000e+00 7.000000000000000000e+00 4.802134941877413965e-01 3.694254706949568146e+01
3.000000000000000000e+00 2.000000000000000000e+00 3.000000000000000000e+00 1.100000000000000000e+01 5.521731813681485246e-01 6.225782154381275291e+01
1.000000000000000000e+00 3.000000000000000000e+00 4.000000000000000000e+00 3.600000000000000000e+01 4.794326552638372152e-01 1.500361716993238872e+02
1.000000000000000000e+00 2.000000000000000000e+00 4.000000000000000000e+00 8.000000000000000000e+01 5.139075792396918807e-01 8.040838585091331936e+01
2.000000000000000000e+00 2.000000000000000000e+00 5.000000000000000000e+00 4.100000000000000000e+01 5.456839702408141646e-01 5.564886383959198923e+01
2.000000000000000000e+00 1.000000000000000000e+00 5.000000000000000000e+00 4.300000000000000000e+01 4.612744950918295506e-01 1.374580800095211544e+02
2.000000000000000000e+00 2.000000000000000000e+00 5.000000000000000000e+00 4.400000000000000000e+01 5.807528216222641593e-01 9.836184092324501194e+01
2.000000000000000000e+00 1.000000000000000000e+00 5.000000000000000000e+00 7.900000000000000000e+01 5.672273696577847524e-01 1.188185341303410638e+02
2.000000000000000000e+00 3.000000000000000000e+00 5.000000000000000000e+00 6.180000000000000000e+02 5.952157515836873358e-01 5.973297338779163823e+01
3.000000000000000000e+00 2.000000000000000000e+00 6.000000000000000000e+00 1.100000000000000000e+01 5.390207374283280117e-01 1.619191711468602080e+02
3.000000000000000000e+00 1.000000000000000000e+00 6.000000000000000000e+00 4.300000000000000000e+01 5.935367851934517658e-01 4.060231890193161064e+01
3.000000000000000000e+00 2.000000000000000000e+00 6.000000000000000000e+00 6.110000000000000000e+02 4.821343932510477881e-01 1.578233349287048668e+02
1.000000000000000000e+00 1.000000000000000000e+00 7.000000000000000000e+00 4.300000000000000000e+01 4.523327192331869084e-01 1.421522026759091091e+02
2.000000000000000000e+00 3.000000000000000000e+00 8.000000000000000000e+00 4.500000000000000000e+01 5.043753011839934297e-01 1.763352366152910520e+02
2.000000000000000000e+00 2.000000000000000000e+00 8.000000000000000000e+00 4.700000000000000000e+01 5.862234120954988859e-01 7.801067528089627956e+01
3.000000000000000000e+00 1.000000000000000000e+00 9.000000000000000000e+00 2.500000000000000000e+01 5.468916203823616096e-01 7.127084691854406628e+01
3.000000000000000000e+00 2.000000000000000000e+00 9.000000000000000000e+00 4.400000000000000000e+01 5.206078712001539488e-01 4.141119201053217580e+01
1.000000000000000000e+00 2.000000000000000000e+00 1.000000000000000000e+01 4.100000000000000000e+01 5.932154377252469857e-01 5.560623564904988569e+01
2.000000000000000000e+00 3.000000000000000000e+00 1.100000000000000000e+01 5.700000000000000000e+01 4.506166145775517551e-01 1.192967327765976293e+01
3.000000000000000000e+00 3.000000000000000000e+00 1.200000000000000000e+01 5.700000000000000000e+01 5.059893499098792047e-01 5.471121004861210224e+01
3.000000000000000000e+00 3.000000000000000000e+00 1.200000000000000000e+01 6.180000000000000000e+02 5.269520323942630258e-01 9.026156224580967447e+00
3.000000000000000000e+00 1.000000000000000000e+00 1.200000000000000000e+01 6.340000000000000000e+02 5.855339935477696933e-01 5.801499011347163304e+01
1.000000000000000000e+00 1.000000000000000000e+00 1.300000000000000000e+01 9.400000000000000000e+02 5.481054033263635938e-01 5.797823188390138682e+01
1.000000000000000000e+00 3.000000000000000000e+00 1.300000000000000000e+01 1.224000000000000000e+03 5.288776498712477458e-01 5.256678526846927468e+01
3.000000000000000000e+00 2.000000000000000000e+00 1.500000000000000000e+01 2.000000000000000000e+01 5.329001072120991278e-01 9.457372741958766937e+01
3.000000000000000000e+00 1.000000000000000000e+00 1.500000000000000000e+01 9.100000000000000000e+01 5.152886999213809327e-01 1.489983386799164577e+02
3.000000000000000000e+00 3.000000000000000000e+00 1.500000000000000000e+01 6.060000000000000000e+02 5.613738108921321190e-01 7.937280821520923269e+01
3.000000000000000000e+00 2.000000000000000000e+00 1.500000000000000000e+01 6.590000000000000000e+02 5.979737004993518346e-01 5.711040958878004403e+01
1.000000000000000000e+00 3.000000000000000000e+00 1.600000000000000000e+01 8.700000000000000000e+01 4.514320423816732264e-01 1.322588367546315737e+02
2.000000000000000000e+00 3.000000000000000000e+00 1.700000000000000000e+01 6.000000000000000000e+01 5.349037296560942290e-01 1.649580402508329513e+01
2.000000000000000000e+00 2.000000000000000000e+00 1.700000000000000000e+01 6.800000000000000000e+01 5.833600068568288721e-01 3.332357872100595841e+01
2.000000000000000000e+00 3.000000000000000000e+00 1.700000000000000000e+01 6.900000000000000000e+01 5.128179488971802424e-01 7.327933667155485864e+01
2.000000000000000000e+00 3.000000000000000000e+00 1.700000000000000000e+01 8.700000000000000000e+01 5.378844361632585391e-01 8.523971452998223697e+01
3.000000000000000000e+00 3.000000000000000000e+00 1.800000000000000000e+01 3.300000000000000000e+01 5.877048010315683024e-01 4.180256623098811986e+01
3.000000000000000000e+00 3.000000000000000000e+00 1.800000000000000000e+01 3.900000000000000000e+01 5.488877642813489999e-01 6.634731049042660800e+01
1.000000000000000000e+00 2.000000000000000000e+00 1.900000000000000000e+01 3.800000000000000000e+01 5.080709705455632719e-01 2.443362594598747961e+01
1.000000000000000000e+00 2.000000000000000000e+00 1.900000000000000000e+01 6.500000000000000000e+01 4.613858351628152832e-01 1.598087335990628048e+02
1.000000000000000000e+00 2.000000000000000000e+00 1.900000000000000000e+01 8.900000000000000000e+01 5.777960039860279284e-01 1.288159654052296332e+02
2.000000000000000000e+00 2.000000000000000000e+00 2.000000000000000000e+01 5.600000000000000000e+01 4.452467480697270830e-01 1.342153232306072255e+02
2.000000000000000000e+00 2.000000000000000000e+00 2.000000000000000000e+01 9.500000000000000000e+01 5.496012696087548832e-01 1.643570225422457298e+01
3.000000000000000000e+00 1.000000000000000000e+00 2.100000000000000000e+01 3.400000000000000000e+01 5.841792913519310293e-01 1.157560841372926177e+02
3.000000000000000000e+00 3.000000000000000000e+00 2.100000000000000000e+01 5.700000000000000000e+01 5.876299856202035210e-01 1.376983017879537101e+02
2.000000000000000000e+00 3.000000000000000000e+00 2.300000000000000000e+01 8.100000000000000000e+01 5.244354636707510009e-01 7.601435429500557461e+01
1.000000000000000000e+00 2.000000000000000000e+00 2.500000000000000000e+01 7.100000000000000000e+01 5.864731688472865079e-01 1.244789121797527258e+02
2.000000000000000000e+00 2.000000000000000000e+00 2.600000000000000000e+01 4.400000000000000000e+01 5.896060831888808584e-01 5.472769921578472463e+01
2.000000000000000000e+00 2.000000000000000000e+00 2.600000000000000000e+01 7.100000000000000000e+01 4.933952663827340102e-01 1.490410274996879423e+02
2.000000000000000000e+00 1.000000000000000000e+00 2.600000000000000000e+01 7.900000000000000000e+01 5.073539021673567628e-01 3.762150930144420613e+01
3.000000000000000000e+00 1.000000000000000000e+00 2.700000000000000000e+01 4.000000000000000000e+01 5.128791280604035885e-01 1.226260510375380335e+02
2.000000000000000000e+00 1.000000000000000000e+00 2.900000000000000000e+01 9.400000000000000000e+02 5.145532602170558301e-01 1.373460689682820828e+02
3.000000000000000000e+00 2.000000000000000000e+00 3.000000000000000000e+01 8.300000000000000000e+01 4.892284536106035753e-01 5.963528667619737433e+01
3.000000000000000000e+00 3.000000000000000000e+00 3.000000000000000000e+01 3.030000000000000000e+02 5.613738108921323411e-01 7.937280821520923269e+01
3.000000000000000000e+00 2.000000000000000000e+00 3.000000000000000000e+01 3.440000000000000000e+02 5.513993953166395068e-01 1.212407352139277492e+02
1.000000000000000000e+00 1.000000000000000000e+00 3.100000000000000000e+01 6.100000000000000000e+01 5.276069115881217853e-01 1.342682264163667867e+02
1.000000000000000000e+00 1.000000000000000000e+00 3.100000000000000000e+01 8.800000000000000000e+01 5.173310006820268647e-01 1.181719002432320309e+01
1.000000000000000000e+00 3.000000000000000000e+00 3.100000000000000000e+01 9.000000000000000000e+01 5.763452011887787441e-01 3.559805012927292012e+01
1.000000000000000000e+00 1.000000000000000000e+00 3.100000000000000000e+01 9.100000000000000000e+02 5.651930840183930771e-01 8.367002656929696514e+01
3.000000000000000000e+00 3.000000000000000000e+00 3.300000000000000000e+01 3.900000000000000000e+01 5.082313644613271064e-01 5.703936575080829385e+01
3.000000000000000000e+00 1.000000000000000000e+00 3.300000000000000000e+01 8.800000000000000000e+01 4.212129150705402614e-01 3.419329925205477849e+01
1.000000000000000000e+00 1.000000000000000000e+00 3.400000000000000000e+01 5.200000000000000000e+01 4.887793185295615239e-01 1.603199459868217502e+02
2.000000000000000000e+00 1.000000000000000000e+00 3.500000000000000000e+01 5.800000000000000000e+01 5.561545866633363921e-01 6.283737289469006981e+01
2.000000000000000000e+00 2.000000000000000000e+00 3.500000000000000000e+01 8.600000000000000000e+01 5.413061280520171659e-01 1.156966941099136363e+02
2.000000000000000000e+00 3.000000000000000000e+00 3.500000000000000000e+01 2.940000000000000000e+02 4.821343932510477881e-01 1.578233349287048668e+02
3.000000000000000000e+00 3.000000000000000000e+00 3.600000000000000000e+01 4.200000000000000000e+01 5.624021890268761092e-01 8.562425361012822123e+01
1.000000000000000000e+00 1.000000000000000000e+00 3.700000000000000000e+01 8.800000000000000000e+01 5.569605012925065157e-01 1.254279369901504282e+02
1.000000000000000000e+00 1.000000000000000000e+00 3.700000000000000000e+01 9.100000000000000000e+02 5.159100048996485555e-01 1.213884778709110037e+02
1.000000000000000000e+00 3.000000000000000000e+00 3.700000000000000000e+01 9.570000000000000000e+02 5.372465810862725455e-01 7.063400543405019505e+01
2.000000000000000000e+00 1.000000000000000000e+00 4.100000000000000000e+01 4.300000000000000000e+01 5.994547522540795148e-01 1.098808836328430800e+02
2.000000000000000000e+00 1.000000000000000000e+00 4.100000000000000000e+01 7.900000000000000000e+01 5.055850382807360877e-01 6.930699377730023514e+01
3.000000000000000000e+00 2.000000000000000000e+00 4.200000000000000000e+01 8.600000000000000000e+01 5.741152302456361545e-01 1.007703561585176431e+02
3.000000000000000000e+00 2.000000000000000000e+00 4.200000000000000000e+01 2.930000000000000000e+02 5.952157515836873358e-01 5.973297338779163823e+01
3.000000000000000000e+00 3.000000000000000000e+00 4.200000000000000000e+01 3.000000000000000000e+02 5.269520323942630258e-01 9.026156224580967447e+00
2.000000000000000000e+00 2.000000000000000000e+00 4.400000000000000000e+01 7.100000000000000000e+01 5.410298821075726350e-01 1.022033126111663677e+02
3.000000000000000000e+00 1.000000000000000000e+00 4.500000000000000000e+01 7.000000000000000000e+01 5.760634610102530750e-01 3.456790845193538075e+01
1.000000000000000000e+00 3.000000000000000000e+00 4.600000000000000000e+01 9.300000000000000000e+01 5.942545580996596577e-01 1.656411726119992522e+02
1.000000000000000000e+00 1.000000000000000000e+00 4.600000000000000000e+01 1.759000000000000000e+03 5.651930840183930771e-01 8.367002656929696514e+01
1.000000000000000000e+00 1.000000000000000000e+00 4.600000000000000000e+01 1.765000000000000000e+03 5.159100048996484444e-01 1.213884778709110037e+02
1.000000000000000000e+00 1.000000000000000000e+00 4.600000000000000000e+01 1.816000000000000000e+03 5.588727939542436074e-01 7.185302735939272623e+01
1.000000000000000000e+00 3.000000000000000000e+00 4.600000000000000000e+01 1.818000000000000000e+03 5.321180986710882799e-01 5.998040406411332270e+01
3.000000000000000000e+00 3.000000000000000000e+00 4.800000000000000000e+01 1.818000000000000000e+03 5.449109120254838068e-01 5.692071601730729924e+01
3.000000000000000000e+00 1.000000000000000000e+00 4.800000000000000000e+01 1.822000000000000000e+03 5.434980852874379265e-01 7.152386151146995985e+01
1.000000000000000000e+00 1.000000000000000000e+00 4.900000000000000000e+01 7.600000000000000000e+01 5.791875535802044617e-01 2.821720007237525252e+01
1.000000000000000000e+00 2.000000000000000000e+00 4.900000000000000000e+01 7.700000000000000000e+01 4.800103008153974171e-01 1.941352298491124273e+01
1.000000000000000000e+00 3.000000000000000000e+00 4.900000000000000000e+01 1.812000000000000000e+03 5.799346706502575000e-01 1.637861859035379553e+02
2.000000000000000000e+00 2.000000000000000000e+00 5.000000000000000000e+01 6.800000000000000000e+01 4.761989546864258127e-01 1.568329907183115495e+02
3.000000000000000000e+00 2.000000000000000000e+00 5.100000000000000000e+01 5.300000000000000000e+01 5.952142132412874265e-01 1.260939730297467349e+02
3.000000000000000000e+00 2.000000000000000000e+00 5.100000000000000000e+01 6.800000000000000000e+01 5.611467425430418654e-01 9.151516293814995606e+01
3.000000000000000000e+00 3.000000000000000000e+00 5.100000000000000000e+01 9.390000000000000000e+02 5.739526730779578312e-01 7.363494888414209072e+01
1.000000000000000000e+00 3.000000000000000000e+00 5.200000000000000000e+01 9.600000000000000000e+01 5.338100994007346500e-01 1.092955568993348550e+02
2.000000000000000000e+00 2.000000000000000000e+00 5.300000000000000000e+01 5.900000000000000000e+01 3.676502502228021219e-01 7.990493644351220226e+00
2.000000000000000000e+00 3.000000000000000000e+00 5.300000000000000000e+01 6.900000000000000000e+01 5.825661847759827650e-01 1.176005779082907026e+02
2.000000000000000000e+00 2.000000000000000000e+00 5.300000000000000000e+01 7.400000000000000000e+01 5.705730373346897810e-01 4.336917845064603227e+01
3.000000000000000000e+00 3.000000000000000000e+00 5.400000000000000000e+01 8.700000000000000000e+01 5.957569525308866742e-01 7.709050462889371147e+01
2.000000000000000000e+00 3.000000000000000000e+00 5.600000000000000000e+01 6.060000000000000000e+02 5.513993953166393958e-01 1.212407352139277492e+02
2.000000000000000000e+00 1.000000000000000000e+00 5.600000000000000000e+01 6.340000000000000000e+02 5.649193097150148057e-01 6.875855931448217007e+01
1.000000000000000000e+00 2.000000000000000000e+00 5.800000000000000000e+01 8.600000000000000000e+01 5.200096152957174311e-01 5.440074493097255726e+01
1.000000000000000000e+00 3.000000000000000000e+00 5.800000000000000000e+01 3.000000000000000000e+02 5.855339935477698043e-01 5.801499011347163304e+01
1.000000000000000000e+00 2.000000000000000000e+00 5.800000000000000000e+01 3.440000000000000000e+02 5.649193097150151388e-01 6.875855931448217007e+01
2.000000000000000000e+00 3.000000000000000000e+00 5.900000000000000000e+01 8.700000000000000000e+01 5.480245331085907834e-01 1.084563458349186647e+02
3.000000000000000000e+00 3.000000000000000000e+00 6.000000000000000000e+01 8.400000000000000000e+01 3.779549882665338423e-01 1.570980331459986985e+02
1.000000000000000000e+00 1.000000000000000000e+00 6.100000000000000000e+01 9.400000000000000000e+01 5.764334788642616614e-01 1.069704538220894676e+02
2.000000000000000000e+00 1.000000000000000000e+00 6.200000000000000000e+01 9.400000000000000000e+01 5.138215211097684199e-01 1.254677910561878917e+02
2.000000000000000000e+00 2.000000000000000000e+00 6.200000000000000000e+01 9.500000000000000000e+01 5.273812662581028876e-01 6.049902004578487436e+01
2.000000000000000000e+00 2.000000000000000000e+00 6.200000000000000000e+01 6.500000000000000000e+02 5.408252088141684011e-01 1.355331256801991060e+02
1.000000000000000000e+00 3.000000000000000000e+00 6.400000000000000000e+01 9.600000000000000000e+01 5.946276145622576559e-01 5.985198318818901697e+01
3.000000000000000000e+00 1.000000000000000000e+00 6.600000000000000000e+01 8.800000000000000000e+01 5.514204888790004144e-01 6.168555839830032284e+01
1.000000000000000000e+00 2.000000000000000000e+00 7.000000000000000000e+01 9.200000000000000000e+01 4.317316808698047903e-01 3.248582210705131956e+01
1.000000000000000000e+00 1.000000000000000000e+00 7.000000000000000000e+01 1.819000000000000000e+03 5.842406960605651678e-01 6.218676207500159592e+01
3.000000000000000000e+00 1.000000000000000000e+00 7.200000000000000000e+01 2.317000000000000000e+03 5.288776498712480789e-01 5.256678526846927468e+01
2.000000000000000000e+00 2.000000000000000000e+00 7.400000000000000000e+01 3.500000000000000000e+02 5.408252088141684011e-01 1.355331256801991060e+02
2.000000000000000000e+00 2.000000000000000000e+00 7.400000000000000000e+01 3.830000000000000000e+02 5.402931301514846130e-01 1.064867852175825647e+02
3.000000000000000000e+00 1.000000000000000000e+00 7.500000000000000000e+01 8.200000000000000000e+01 4.634110004928433391e-01 1.904344943748802477e+00
3.000000000000000000e+00 3.000000000000000000e+00 7.500000000000000000e+01 1.779000000000000000e+03 5.739526730779578312e-01 7.363494888414209072e+01
1.000000000000000000e+00 1.000000000000000000e+00 7.600000000000000000e+01 1.741000000000000000e+03 5.481054033263637049e-01 5.797823188390138682e+01
1.000000000000000000e+00 2.000000000000000000e+00 7.600000000000000000e+01 1.757000000000000000e+03 5.145532602170556080e-01 1.373460689682820828e+02
1.000000000000000000e+00 3.000000000000000000e+00 7.600000000000000000e+01 1.812000000000000000e+03 5.109144307568107557e-01 1.506554930153936027e+02
2.000000000000000000e+00 3.000000000000000000e+00 8.300000000000000000e+01 3.030000000000000000e+02 5.979737004993521676e-01 5.711040958878004403e+01
2.000000000000000000e+00 2.000000000000000000e+00 8.300000000000000000e+01 3.830000000000000000e+02 4.835957490852594853e-01 2.742761978667067169e+01
3.000000000000000000e+00 1.000000000000000000e+00 8.400000000000000000e+01 9.130000000000000000e+02 5.799346706502575000e-01 1.637861859035379553e+02
3.000000000000000000e+00 1.000000000000000000e+00 8.400000000000000000e+01 9.400000000000000000e+02 5.109144307568107557e-01 1.506554930153936027e+02
1.000000000000000000e+00 1.000000000000000000e+00 8.800000000000000000e+01 9.100000000000000000e+02 5.588727939542438294e-01 7.185302735939272623e+01
3.000000000000000000e+00 1.000000000000000000e+00 9.000000000000000000e+01 9.100000000000000000e+01 5.328301793254576202e-01 1.154952141432257662e+02
3.000000000000000000e+00 1.000000000000000000e+00 9.000000000000000000e+01 9.400000000000000000e+01 4.891818566636426113e-01 5.150693068882456060e+01
3.000000000000000000e+00 1.000000000000000000e+00 9.000000000000000000e+01 9.100000000000000000e+02 5.321180986710882799e-01 5.998040406411332270e+01
3.000000000000000000e+00 3.000000000000000000e+00 9.000000000000000000e+01 9.120000000000000000e+02 5.449109120254838068e-01 5.692071601730729924e+01
1.000000000000000000e+00 1.000000000000000000e+00 9.100000000000000000e+01 9.400000000000000000e+01 5.056004131503234467e-01 1.632145192595054937e+02
1.000000000000000000e+00 1.000000000000000000e+00 9.100000000000000000e+01 9.340000000000000000e+02 5.842406960605656119e-01 6.218676207500159592e+01
3.000000000000000000e+00 1.000000000000000000e+00 9.300000000000000000e+01 1.765000000000000000e+03 5.372465810862723234e-01 7.063400543405019505e+01
1.000000000000000000e+00 3.000000000000000000e+00 9.400000000000000000e+01 9.120000000000000000e+02 5.434980852874378154e-01 7.152386151146995985e+01
2.000000000000000000e+00 2.000000000000000000e+00 9.500000000000000000e+01 6.500000000000000000e+02 5.402931301514846130e-01 1.064867852175825647e+02
2.000000000000000000e+00 2.000000000000000000e+00 9.500000000000000000e+01 6.590000000000000000e+02 4.835957490852592633e-01 2.742761978667067169e+01
