# # mol1 mol2 mol1res mol2res distance angle
1.000000000000000000e+00 2.000000000000000000e+00 1.000000000000000000e+00 3.500000000000000000e+01 5.165790248247493777e-01 3.827400301205329924e+01
1.000000000000000000e+00 3.000000000000000000e+00 1.000000000000000000e+00 8.700000000000000000e+01 5.067254395736526806e-01 4.396014142909374556e+01
2.000000000000000000e+00 1.000000000000000000e+00 2.000000000000000000e+00 7.000000000000000000e+00 4.549523784602806376e-01 1.405314344579834653e+02
2.000000000000000000e+00 3.000000000000000000e+00 2.000000000000000000e+00 8.700000000000000000e+01 5.317414618235281054e-01 8.600770950462803910e+01
3.000000000000000000e+00 3.000000000000000000e+00 3.000000000000000000e+00 6.000000000000000000e+00 5.607841731797438278e-01 1.314516005905230713e+02
3.000000000000000000e+00 1.000000000000000000e+00 3.000000000000000000e+00 3.400000000000000000e+01 4.820191328613878667e-01 1.615691005976015902e+02
1.000000000000000000e+00 3.000000000000000000e+00 4.000000000000000000e+00 4.800000000000000000e+01 5.347163983521232566e-01 1.246355349182603476e+02
1.000000000000000000e+00 3.000000000000000000e+00 4.000000000000000000e+00 7.500000000000000000e+01 5.598383338071806214e-01 7.328575324653127154e+01
1.000000000000000000e+00 1.000000000000000000e+00 4.000000000000000000e+00 8.800000000000000000e+01 5.743749491597121004e-01 1.376988145912874018e+02
1.000000000000000000e+00 3.000000000000000000e+00 4.000000000000000000e+00 6.570000000000000000e+02 5.254704770224704058e-01 1.148218421099476956e+02
2.000000000000000000e+00 2.000000000000000000e+00 5.000000000000000000e+00 8.300000000000000000e+01 5.905277714797918520e-01 1.344894283307264971e+02
2.000000000000000000e+00 3.000000000000000000e+00 5.000000000000000000e+00 3.720000000000000000e+02 4.959952553536508546e-01 4.736166026013300012e+01
3.000000000000000000e+00 1.000000000000000000e+00 6.000000000000000000e+00 3.400000000000000000e+01 5.604571546712755481e-01 6.697724842635351195e+01
3.000000000000000000e+00 2.000000000000000000e+00 6.000000000000000000e+00 5.300000000000000000e+01 5.227914391886011591e-01 1.459121968812715124e+02
1.000000000000000000e+00 3.000000000000000000e+00 7.000000000000000000e+00 5.100000000000000000e+01 5.495825688647704155e-01 1.422037778946446451e+02
2.000000000000000000e+00 3.000000000000000000e+00 8.000000000000000000e+00 6.000000000000000000e+01 3.873460984700890508e-01 1.811447711189591203e+01
3.000000000000000000e+00 2.000000000000000000e+00 9.000000000000000000e+00 5.000000000000000000e+01 5.539310025224761791e-01 1.356482368013436144e+02
3.000000000000000000e+00 2.000000000000000000e+00 9.000000000000000000e+00 3.200000000000000000e+02 4.332031907136009719e-01 1.511549837393727671e+02
3.000000000000000000e+00 1.000000000000000000e+00 9.000000000000000000e+00 3.520000000000000000e+02 5.820696445539061958e-01 7.044388850875812125e+01
2.000000000000000000e+00 1.000000000000000000e+00 1.400000000000000000e+01 1.819000000000000000e+03 5.027552972260848074e-01 7.387456961054424198e+01
2.000000000000000000e+00 2.000000000000000000e+00 1.400000000000000000e+01 1.820000000000000000e+03 4.937764901473361001e-01 4.977812162305124133e+01
2.000000000000000000e+00 3.000000000000000000e+00 1.400000000000000000e+01 2.070000000000000000e+03 5.471498718104778058e-01 1.269606380840548354e+02
3.000000000000000000e+00 3.000000000000000000e+00 1.500000000000000000e+01 4.200000000000000000e+01 4.870086743466576773e-01 9.038150746630184074e+01
3.000000000000000000e+00 2.000000000000000000e+00 1.500000000000000000e+01 8.300000000000000000e+01 5.240636178514541665e-01 1.421761975677416103e+02
3.000000000000000000e+00 1.000000000000000000e+00 1.500000000000000000e+01 8.500000000000000000e+01 5.936291472328867336e-01 4.042021179361218230e+01
2.000000000000000000e+00 3.000000000000000000e+00 1.700000000000000000e+01 3.000000000000000000e+01 5.143680740049443312e-01 1.152631570629634581e+02
1.000000000000000000e+00 2.000000000000000000e+00 1.900000000000000000e+01 8.000000000000000000e+01 5.017501591651186699e-01 1.324516165011261251e+02
1.000000000000000000e+00 3.000000000000000000e+00 1.900000000000000000e+01 3.210000000000000000e+02 5.416764142712672259e-01 1.108093439191876399e+02
2.000000000000000000e+00 3.000000000000000000e+00 2.000000000000000000e+01 3.300000000000000000e+01 5.845548581803273747e-01 7.322062813321774399e+01
2.000000000000000000e+00 1.000000000000000000e+00 2.000000000000000000e+01 5.500000000000000000e+01 5.093474081824924671e-01 1.214154944514382777e+02
3.000000000000000000e+00 2.000000000000000000e+00 2.100000000000000000e+01 9.500000000000000000e+01 4.566497563779051139e-01 1.067076966452994924e+01
3.000000000000000000e+00 3.000000000000000000e+00 2.100000000000000000e+01 6.720000000000000000e+02 5.523715536967245265e-01 9.932491213634753535e+01
1.000000000000000000e+00 3.000000000000000000e+00 2.200000000000000000e+01 4.500000000000000000e+01 5.953705027590421306e-01 1.484634380480619029e+02
1.000000000000000000e+00 3.000000000000000000e+00 2.200000000000000000e+01 5.400000000000000000e+01 5.905372205787615680e-01 1.250817132709976534e+02
1.000000000000000000e+00 2.000000000000000000e+00 2.200000000000000000e+01 6.500000000000000000e+01 5.674482844767048118e-01 4.711115922569928927e+01
1.000000000000000000e+00 3.000000000000000000e+00 2.200000000000000000e+01 6.600000000000000000e+01 5.868189196374336003e-01 7.614314394865826330e+01
1.000000000000000000e+00 1.000000000000000000e+00 2.200000000000000000e+01 9.400000000000000000e+02 5.894629420073830284e-01 1.142640363159156749e+02
2.000000000000000000e+00 1.000000000000000000e+00 2.300000000000000000e+01 8.200000000000000000e+01 5.384568320673438491e-01 9.858513603199776298e+01
2.000000000000000000e+00 3.000000000000000000e+00 2.300000000000000000e+01 9.000000000000000000e+01 5.221858162250925250e-01 7.523905470823622466e+01
3.000000000000000000e+00 3.000000000000000000e+00 2.400000000000000000e+01 7.800000000000000000e+01 5.633028828062017768e-01 1.316135418778789870e+02
3.000000000000000000e+00 3.000000000000000000e+00 2.400000000000000000e+01 9.000000000000000000e+01 5.233757350126193586e-01 1.211311816251421618e+02
3.000000000000000000e+00 2.000000000000000000e+00 2.400000000000000000e+01 1.400000000000000000e+02 5.262641415360410635e-01 7.039368072222998762e+01
1.000000000000000000e+00 1.000000000000000000e+00 2.500000000000000000e+01 6.100000000000000000e+01 5.349215934238501502e-01 4.380696580311364130e+01
1.000000000000000000e+00 2.000000000000000000e+00 2.500000000000000000e+01 6.200000000000000000e+01 4.905989536610664836e-01 1.338802916998404839e+02
1.000000000000000000e+00 2.000000000000000000e+00 2.500000000000000000e+01 1.799000000000000000e+03 5.970274365554734119e-01 1.679504689148803607e+02
2.000000000000000000e+00 1.000000000000000000e+00 2.600000000000000000e+01 7.600000000000000000e+01 5.070118341814122687e-01 1.603249383249483344e+02
2.000000000000000000e+00 2.000000000000000000e+00 2.600000000000000000e+01 1.766000000000000000e+03 5.607899626617984801e-01 1.215395097665382451e+02
3.000000000000000000e+00 3.000000000000000000e+00 2.700000000000000000e+01 6.900000000000000000e+01 5.416406147581210861e-01 9.493572312458125850e+01
3.000000000000000000e+00 2.000000000000000000e+00 2.700000000000000000e+01 8.900000000000000000e+01 5.696865609945328535e-01 1.380413887137748361e+02
1.000000000000000000e+00 2.000000000000000000e+00 2.800000000000000000e+01 5.000000000000000000e+01 5.709794703450864484e-01 2.401008680446932786e+01
1.000000000000000000e+00 3.000000000000000000e+00 2.800000000000000000e+01 6.000000000000000000e+01 5.173780049441608631e-01 1.402682180267871672e+02
2.000000000000000000e+00 1.000000000000000000e+00 2.900000000000000000e+01 4.900000000000000000e+01 5.938905623092524122e-01 6.388909613966335854e+01
2.000000000000000000e+00 2.000000000000000000e+00 2.900000000000000000e+01 5.000000000000000000e+01 4.663976605620761551e-01 8.122726163851849890e+01
2.000000000000000000e+00 2.000000000000000000e+00 2.900000000000000000e+01 8.000000000000000000e+01 5.033994437819732104e-01 4.956263645154420061e+01
2.000000000000000000e+00 3.000000000000000000e+00 2.900000000000000000e+01 3.210000000000000000e+02 5.904503780072362096e-01 2.863558987830555225e+01
1.000000000000000000e+00 1.000000000000000000e+00 3.100000000000000000e+01 6.400000000000000000e+01 5.485557806134617742e-01 1.186752185760627896e+02
2.000000000000000000e+00 3.000000000000000000e+00 3.200000000000000000e+01 5.850000000000000000e+02 4.332031907136009163e-01 1.511549837393727671e+02
3.000000000000000000e+00 1.000000000000000000e+00 3.300000000000000000e+01 5.500000000000000000e+01 5.610713957341892932e-01 1.013959944288212824e+02
3.000000000000000000e+00 1.000000000000000000e+00 3.300000000000000000e+01 5.950000000000000000e+02 5.416764142712673369e-01 1.108093439191876399e+02
3.000000000000000000e+00 2.000000000000000000e+00 3.300000000000000000e+01 6.050000000000000000e+02 5.904503780072362096e-01 2.863558987830555225e+01
3.000000000000000000e+00 2.000000000000000000e+00 3.300000000000000000e+01 6.560000000000000000e+02 5.679516646100548627e-01 2.366873278006458747e+01
1.000000000000000000e+00 2.000000000000000000e+00 3.400000000000000000e+01 4.100000000000000000e+01 4.867338994654972217e-01 1.356045533774683065e+02
1.000000000000000000e+00 1.000000000000000000e+00 3.400000000000000000e+01 5.200000000000000000e+01 5.897533382694839510e-01 6.638378312713464879e+01
2.000000000000000000e+00 2.000000000000000000e+00 3.500000000000000000e+01 4.100000000000000000e+01 5.987418289862310727e-01 6.490528475103189976e+01
2.000000000000000000e+00 3.000000000000000000e+00 3.500000000000000000e+01 4.200000000000000000e+01 5.797452505674844936e-01 1.727618723882477525e+02
2.000000000000000000e+00 2.000000000000000000e+00 3.500000000000000000e+01 8.600000000000000000e+01 4.761927994229039340e-01 5.703283110506883702e+01
3.000000000000000000e+00 1.000000000000000000e+00 3.600000000000000000e+01 4.000000000000000000e+01 4.988311894374241051e-01 6.234825230270933361e+01
3.000000000000000000e+00 2.000000000000000000e+00 3.600000000000000000e+01 8.600000000000000000e+01 5.865730645026248080e-01 1.393886900243668094e+02
1.000000000000000000e+00 1.000000000000000000e+00 3.700000000000000000e+01 4.600000000000000000e+01 5.321573952632181470e-01 6.276393071862748485e+01
1.000000000000000000e+00 2.000000000000000000e+00 3.700000000000000000e+01 6.500000000000000000e+01 5.594418845798210249e-01 4.410400961559960820e+01
1.000000000000000000e+00 3.000000000000000000e+00 3.700000000000000000e+01 6.600000000000000000e+01 5.672995485436047591e-01 8.366446953625678873e+01
2.000000000000000000e+00 2.000000000000000000e+00 3.800000000000000000e+01 8.900000000000000000e+02 5.607899626617985911e-01 1.215395097665382451e+02
3.000000000000000000e+00 1.000000000000000000e+00 4.200000000000000000e+01 8.500000000000000000e+01 5.415440722805692220e-01 7.305054612502613054e+01
3.000000000000000000e+00 2.000000000000000000e+00 4.200000000000000000e+01 8.600000000000000000e+01 5.197841047546140070e-01 1.290649557520532085e+02
1.000000000000000000e+00 1.000000000000000000e+00 4.300000000000000000e+01 6.700000000000000000e+02 5.721931492075030823e-01 4.916018869739591679e+01
1.000000000000000000e+00 1.000000000000000000e+00 4.300000000000000000e+01 8.530000000000000000e+02 5.707775398524368438e-01 4.284698289966343054e+01
2.000000000000000000e+00 3.000000000000000000e+00 4.400000000000000000e+01 2.160000000000000000e+02 5.262641415360410635e-01 7.039368072222998762e+01
1.000000000000000000e+00 3.000000000000000000e+00 4.600000000000000000e+01 5.400000000000000000e+01 5.367745067634183131e-01 1.275045121829554517e+02
2.000000000000000000e+00 3.000000000000000000e+00 4.700000000000000000e+01 8.400000000000000000e+01 4.871306007860954357e-01 7.271616522109205505e+01
2.000000000000000000e+00 2.000000000000000000e+00 4.700000000000000000e+01 8.900000000000000000e+01 4.852321323059954339e-01 6.118180420751271953e+01
2.000000000000000000e+00 3.000000000000000000e+00 4.700000000000000000e+01 1.782000000000000000e+03 5.399129394839706775e-01 2.025471643330316240e+01
3.000000000000000000e+00 3.000000000000000000e+00 4.800000000000000000e+01 6.720000000000000000e+02 5.933651901560192954e-01 1.481184478593370102e+02
1.000000000000000000e+00 2.000000000000000000e+00 4.900000000000000000e+01 8.000000000000000000e+01 5.453680714282175268e-01 6.848130576378311218e+01
1.000000000000000000e+00 1.000000000000000000e+00 4.900000000000000000e+01 3.430000000000000000e+02 5.440785931789221541e-01 1.213813809782936204e+02
1.000000000000000000e+00 2.000000000000000000e+00 4.900000000000000000e+01 3.440000000000000000e+02 5.738902760013352422e-01 1.503886428517462370e+01
2.000000000000000000e+00 1.000000000000000000e+00 5.000000000000000000e+01 7.900000000000000000e+01 5.839554777549399445e-01 9.063379082258414599e+01
3.000000000000000000e+00 1.000000000000000000e+00 5.100000000000000000e+01 7.900000000000000000e+01 5.415773259655540794e-01 8.116936537454563450e+01
2.000000000000000000e+00 2.000000000000000000e+00 5.300000000000000000e+01 8.300000000000000000e+01 5.607136960061607223e-01 1.288881631815415005e+02
2.000000000000000000e+00 1.000000000000000000e+00 5.300000000000000000e+01 1.819000000000000000e+03 4.835126380055750350e-01 6.481934350375306053e+01
3.000000000000000000e+00 1.000000000000000000e+00 5.400000000000000000e+01 6.340000000000000000e+02 4.515285692942233586e-01 1.173554613505075572e+01
3.000000000000000000e+00 2.000000000000000000e+00 5.400000000000000000e+01 9.110000000000000000e+02 5.399129394839706775e-01 2.025471643330316240e+01
3.000000000000000000e+00 2.000000000000000000e+00 5.400000000000000000e+01 1.454000000000000000e+03 5.471498718104779169e-01 1.269606380840548354e+02
1.000000000000000000e+00 2.000000000000000000e+00 5.500000000000000000e+01 7.400000000000000000e+01 5.843918966660035519e-01 1.794742130943469505e+01
1.000000000000000000e+00 1.000000000000000000e+00 5.500000000000000000e+01 6.250000000000000000e+02 5.440785931789219321e-01 1.213813809782936204e+02
1.000000000000000000e+00 3.000000000000000000e+00 5.500000000000000000e+01 6.570000000000000000e+02 5.468752691427903878e-01 8.053013646973734296e+01
2.000000000000000000e+00 3.000000000000000000e+00 5.600000000000000000e+01 7.500000000000000000e+01 4.384615781976288762e-01 1.528753148108889093e+02
2.000000000000000000e+00 1.000000000000000000e+00 5.600000000000000000e+01 6.250000000000000000e+02 5.738902760013351312e-01 1.503886428517462370e+01
2.000000000000000000e+00 3.000000000000000000e+00 5.600000000000000000e+01 6.570000000000000000e+02 5.685855588895815105e-01 5.169138683530636058e+01
3.000000000000000000e+00 1.000000000000000000e+00 5.700000000000000000e+01 6.400000000000000000e+01 4.928162831003950473e-01 1.322946729295164232e+02
1.000000000000000000e+00 2.000000000000000000e+00 5.800000000000000000e+01 9.200000000000000000e+01 5.318764476413254672e-01 1.397977074061373344e+02
1.000000000000000000e+00 3.000000000000000000e+00 5.800000000000000000e+01 3.420000000000000000e+02 4.515285692942235807e-01 1.173554613505075572e+01
2.000000000000000000e+00 2.000000000000000000e+00 5.900000000000000000e+01 9.200000000000000000e+01 5.721640207725986471e-01 1.101397011408641333e+02
2.000000000000000000e+00 3.000000000000000000e+00 5.900000000000000000e+01 9.300000000000000000e+01 4.966449659688720875e-01 1.315505459140270546e+02
2.000000000000000000e+00 1.000000000000000000e+00 5.900000000000000000e+01 3.520000000000000000e+02 5.613317933470561849e-01 5.566602367525512562e+01
1.000000000000000000e+00 2.000000000000000000e+00 6.100000000000000000e+01 6.800000000000000000e+01 4.109658001450835485e-01 9.715509067025037027e+00
1.000000000000000000e+00 3.000000000000000000e+00 6.400000000000000000e+01 5.850000000000000000e+02 5.820696445539061958e-01 7.044388850875812125e+01
1.000000000000000000e+00 2.000000000000000000e+00 6.400000000000000000e+01 6.350000000000000000e+02 5.613317933470562959e-01 5.566602367525512562e+01
1.000000000000000000e+00 3.000000000000000000e+00 6.400000000000000000e+01 6.690000000000000000e+02 5.530277107784821178e-01 7.917635505605466051e+01
2.000000000000000000e+00 2.000000000000000000e+00 6.500000000000000000e+01 6.680000000000000000e+02 5.501440659802965261e-01 7.308538624589219523e+01
3.000000000000000000e+00 1.000000000000000000e+00 6.600000000000000000e+01 7.000000000000000000e+01 5.614016189661176215e-01 9.705859747886437106e+01
1.000000000000000000e+00 3.000000000000000000e+00 6.700000000000000000e+01 7.800000000000000000e+01 4.500288879616507476e-01 1.207390707509279615e+01
3.000000000000000000e+00 1.000000000000000000e+00 6.900000000000000000e+01 8.800000000000000000e+01 4.843805895734830669e-01 8.340932479305610059e+01
2.000000000000000000e+00 1.000000000000000000e+00 7.100000000000000000e+01 8.890000000000000000e+02 5.970274365554730789e-01 1.679504689148803607e+02
3.000000000000000000e+00 3.000000000000000000e+00 7.500000000000000000e+01 6.570000000000000000e+02 5.258033895330500584e-01 1.073901632381359832e+02
1.000000000000000000e+00 1.000000000000000000e+00 7.600000000000000000e+01 1.750000000000000000e+03 5.894629420073832504e-01 1.142640363159156749e+02
2.000000000000000000e+00 2.000000000000000000e+00 7.700000000000000000e+01 8.900000000000000000e+01 4.993058514911809520e-01 1.607036076945961440e+02
2.000000000000000000e+00 3.000000000000000000e+00 7.700000000000000000e+01 9.000000000000000000e+01 5.242455955412922419e-01 1.182900518536366121e+02
2.000000000000000000e+00 3.000000000000000000e+00 8.000000000000000000e+01 3.210000000000000000e+02 5.679516646100551958e-01 2.366873278006458747e+01
3.000000000000000000e+00 1.000000000000000000e+00 8.100000000000000000e+01 2.920000000000000000e+02 5.254704770224704058e-01 1.148218421099476956e+02
3.000000000000000000e+00 1.000000000000000000e+00 8.100000000000000000e+01 3.430000000000000000e+02 5.468752691427902768e-01 8.053013646973734296e+01
3.000000000000000000e+00 2.000000000000000000e+00 8.100000000000000000e+01 3.440000000000000000e+02 5.685855588895815105e-01 5.169138683530636058e+01
3.000000000000000000e+00 3.000000000000000000e+00 8.100000000000000000e+01 3.630000000000000000e+02 5.258033895330499474e-01 1.073901632381359832e+02
1.000000000000000000e+00 3.000000000000000000e+00 8.200000000000000000e+01 9.000000000000000000e+01 4.537397687857856465e-01 1.699642230231282554e+02
3.000000000000000000e+00 2.000000000000000000e+00 8.400000000000000000e+01 8.900000000000000000e+01 4.449946316779814226e-01 1.455996826142524547e+01
3.000000000000000000e+00 2.000000000000000000e+00 8.400000000000000000e+01 5.810000000000000000e+02 4.959952553536506881e-01 4.736166026013300012e+01
1.000000000000000000e+00 1.000000000000000000e+00 8.500000000000000000e+01 4.270000000000000000e+02 5.707775398524367327e-01 4.284698289966343054e+01
1.000000000000000000e+00 2.000000000000000000e+00 9.100000000000000000e+01 8.780000000000000000e+02 5.027552972260849184e-01 7.387456961054424198e+01
1.000000000000000000e+00 2.000000000000000000e+00 9.100000000000000000e+01 9.170000000000000000e+02 4.835126380055753681e-01 6.481934350375306053e+01
2.000000000000000000e+00 2.000000000000000000e+00 9.200000000000000000e+01 3.530000000000000000e+02 5.501440659802968591e-01 7.308538624589219523e+01
2.000000000000000000e+00 2.000000000000000000e+00 9.200000000000000000e+01 8.780000000000000000e+02 4.937764901473364332e-01 4.977812162305124133e+01
3.000000000000000000e+00 1.000000000000000000e+00 9.300000000000000000e+01 3.520000000000000000e+02 5.530277107784822288e-01 7.917635505605466051e+01
1.000000000000000000e+00 1.000000000000000000e+00 9.400000000000000000e+01 3.310000000000000000e+02 5.721931492075033043e-01 4.916018869739591679e+01
3.000000000000000000e+00 3.000000000000000000e+00 9.600000000000000000e+01 3.090000000000000000e+02 5.523715536967241935e-01 9.932491213634753535e+01
3.000000000000000000e+00 3.000000000000000000e+00 9.600000000000000000e+01 3.360000000000000000e+02 5.933651901560191844e-01 1.481184478593370102e+02
