1 17 	 1 1 	 1 1 	 0.496768
1 17 	 1 6 	 1 1 	 0.585711
1 17 	 1 11 	 1 1 	 0.576089
1 17 	 1 12 	 1 1 	 0.494984
1 17 	 1 16 	 1 1 	 0.315826
1 27 	 1 1 	 1 1 	 0.461028
1 27 	 1 2 	 1 1 	 0.560930
1 27 	 1 16 	 1 1 	 0.457057
1 2 	 2 9 	 1 1 	 0.580355
1 2 	 2 14 	 1 1 	 0.502829
1 12 	 2 10 	 1 1 	 0.577385
1 17 	 2 1 	 1 1 	 0.587678
1 17 	 2 16 	 1 1 	 0.419296
1 27 	 2 16 	 1 1 	 0.578299
1 2 	 3 9 	 1 1 	 0.548414
1 2 	 3 14 	 1 1 	 0.557318
1 12 	 3 10 	 1 1 	 0.501946
1 17 	 3 16 	 1 1 	 0.546023
1 29 	 3 14 	 1 1 	 0.538390
1 29 	 3 15 	 1 1 	 0.575518
1 2 	 4 9 	 1 1 	 0.575942
1 2 	 4 14 	 1 1 	 0.580908
1 12 	 4 8 	 1 1 	 0.582094
1 12 	 4 9 	 1 1 	 0.474154
1 12 	 4 10 	 1 1 	 0.386053
1 28 	 4 7 	 1 1 	 0.563293
1 28 	 4 8 	 1 1 	 0.593677
1 28 	 4 9 	 1 1 	 0.562768
1 29 	 4 9 	 1 1 	 0.404582
1 29 	 4 10 	 1 1 	 0.508476
1 29 	 4 13 	 1 1 	 0.475665
1 29 	 4 14 	 1 1 	 0.321688
1 29 	 4 15 	 1 1 	 0.438991
1 28 	 4 11 	 1 0 	 0.558582
1 2 	 5 8 	 1 1 	 0.594982
1 2 	 5 9 	 1 1 	 0.367899
1 2 	 5 10 	 1 1 	 0.575254
1 2 	 5 14 	 1 1 	 0.410688
1 12 	 5 9 	 1 1 	 0.478302
1 12 	 5 10 	 1 1 	 0.455252
1 28 	 5 7 	 1 1 	 0.555431
1 28 	 5 8 	 1 1 	 0.569556
1 28 	 5 9 	 1 1 	 0.513574
1 28 	 5 10 	 1 1 	 0.501341
1 29 	 5 9 	 1 1 	 0.562630
1 29 	 5 14 	 1 1 	 0.486000
1 28 	 5 11 	 1 0 	 0.485043
1 28 	 5 12 	 1 0 	 0.582355
1 2 	 6 14 	 1 1 	 0.550615
1 12 	 6 10 	 1 1 	 0.466075
1 17 	 6 12 	 1 1 	 0.598657
1 17 	 6 16 	 1 1 	 0.410196
1 3 	 7 5 	 1 1 	 0.518977
1 12 	 7 10 	 1 1 	 0.483943
1 17 	 7 12 	 1 1 	 0.571969
1 17 	 7 16 	 1 1 	 0.420768
1 3 	 8 2 	 1 1 	 0.591282
1 3 	 8 3 	 1 1 	 0.435626
1 3 	 8 4 	 1 1 	 0.512927
1 3 	 8 5 	 1 1 	 0.364641
1 17 	 8 12 	 1 1 	 0.494017
1 17 	 8 13 	 1 1 	 0.538153
1 17 	 8 16 	 1 1 	 0.410134
1 3 	 9 1 	 1 1 	 0.589284
1 3 	 9 2 	 1 1 	 0.554059
1 3 	 9 3 	 1 1 	 0.495481
1 3 	 9 5 	 1 1 	 0.458912
1 3 	 9 6 	 1 1 	 0.556160
1 29 	 9 13 	 1 1 	 0.535551
1 29 	 9 14 	 1 1 	 0.551932
1 29 	 9 15 	 1 1 	 0.419634
1 3 	 10 3 	 1 1 	 0.524287
1 3 	 10 4 	 1 1 	 0.587463
1 3 	 10 5 	 1 1 	 0.380907
1 12 	 10 10 	 1 1 	 0.566521
1 29 	 10 10 	 1 1 	 0.583525
1 29 	 10 13 	 1 1 	 0.463768
1 29 	 10 14 	 1 1 	 0.538503
1 29 	 10 15 	 1 1 	 0.455393
1 3 	 11 5 	 1 1 	 0.595218
1 12 	 11 1 	 1 1 	 0.569815
1 12 	 11 10 	 1 1 	 0.552381
1 17 	 11 16 	 1 1 	 0.483266
1 12 	 12 1 	 1 1 	 0.532947
1 12 	 12 3 	 1 1 	 0.581649
1 17 	 12 16 	 1 1 	 0.550729
1 12 	 13 1 	 1 1 	 0.553541
1 12 	 13 2 	 1 1 	 0.570549
1 12 	 13 3 	 1 1 	 0.491025
1 2 	 14 13 	 1 1 	 0.459167
1 2 	 14 14 	 1 1 	 0.575681
1 2 	 14 15 	 1 1 	 0.587123
1 12 	 14 1 	 1 1 	 0.574254
1 12 	 14 2 	 1 1 	 0.512334
1 12 	 14 3 	 1 1 	 0.340121
1 12 	 14 4 	 1 1 	 0.442445
1 12 	 14 5 	 1 1 	 0.453199
1 18 	 14 5 	 1 1 	 0.557762
1 2 	 15 13 	 1 1 	 0.432191
1 2 	 15 14 	 1 1 	 0.474588
1 2 	 15 15 	 1 1 	 0.569165
1 12 	 15 2 	 1 1 	 0.593593
1 12 	 15 3 	 1 1 	 0.415118
1 12 	 15 4 	 1 1 	 0.516807
1 12 	 15 5 	 1 1 	 0.591507
1 12 	 15 9 	 1 1 	 0.599114
1 12 	 15 10 	 1 1 	 0.552048
1 17 	 16 16 	 1 1 	 0.569135
2 16 	 1 16 	 1 1 	 0.383593
2 16 	 1 12 	 1 0 	 0.478817
2 16 	 1 13 	 1 0 	 0.548988
2 16 	 1 14 	 1 0 	 0.564488
2 16 	 1 15 	 1 0 	 0.443428
2 16 	 2 16 	 1 1 	 0.446833
2 27 	 2 15 	 1 1 	 0.567227
2 27 	 2 16 	 1 1 	 0.547207
2 16 	 2 12 	 1 0 	 0.486147
2 16 	 2 13 	 1 0 	 0.557340
2 16 	 2 14 	 1 0 	 0.560813
2 16 	 2 15 	 1 0 	 0.495239
2 16 	 3 16 	 1 1 	 0.535139
2 27 	 3 15 	 1 1 	 0.410542
2 27 	 3 16 	 1 1 	 0.500602
2 16 	 3 11 	 1 0 	 0.566628
2 16 	 3 12 	 1 0 	 0.484971
2 16 	 3 13 	 1 0 	 0.510586
2 16 	 3 14 	 1 0 	 0.488044
2 16 	 3 15 	 1 0 	 0.511434
2 25 	 3 14 	 1 0 	 0.559096
2 27 	 3 14 	 1 0 	 0.564519
2 19 	 4 9 	 1 1 	 0.468460
2 19 	 4 10 	 1 1 	 0.523845
2 25 	 4 14 	 1 1 	 0.424861
2 25 	 4 15 	 1 1 	 0.564194
2 30 	 4 3 	 1 1 	 0.518652
2 30 	 4 4 	 1 1 	 0.532213
2 17 	 4 1 	 1 0 	 0.552061
2 27 	 4 13 	 1 0 	 0.590217
2 27 	 4 15 	 1 0 	 0.402001
2 27 	 4 16 	 1 0 	 0.520880
2 16 	 5 11 	 1 1 	 0.460191
2 16 	 5 12 	 1 1 	 0.456527
2 16 	 5 13 	 1 1 	 0.464819
2 16 	 5 14 	 1 1 	 0.496142
2 16 	 5 15 	 1 1 	 0.570072
2 25 	 5 14 	 1 1 	 0.390744
2 25 	 5 15 	 1 1 	 0.553753
2 30 	 5 3 	 1 1 	 0.538717
2 30 	 5 4 	 1 1 	 0.433761
2 30 	 5 5 	 1 1 	 0.553253
2 16 	 5 16 	 1 0 	 0.587864
2 27 	 5 15 	 1 0 	 0.476717
2 16 	 6 16 	 1 1 	 0.468111
2 16 	 6 11 	 1 0 	 0.576895
2 16 	 6 12 	 1 0 	 0.504334
2 16 	 7 16 	 1 1 	 0.451705
2 18 	 7 6 	 1 1 	 0.586062
2 18 	 7 7 	 1 1 	 0.576313
2 18 	 7 10 	 1 1 	 0.456757
2 16 	 7 7 	 1 0 	 0.579969
2 16 	 7 11 	 1 0 	 0.520052
2 16 	 7 12 	 1 0 	 0.496455
2 18 	 8 9 	 1 1 	 0.595737
2 18 	 8 10 	 1 1 	 0.415734
2 28 	 8 10 	 1 1 	 0.490165
2 16 	 8 7 	 1 0 	 0.540754
2 16 	 8 11 	 1 0 	 0.521814
2 16 	 8 12 	 1 0 	 0.578819
2 28 	 8 12 	 1 0 	 0.543206
2 28 	 8 13 	 1 0 	 0.495914
2 28 	 8 14 	 1 0 	 0.455306
2 28 	 9 7 	 1 1 	 0.572381
2 28 	 9 8 	 1 1 	 0.583530
2 28 	 9 9 	 1 1 	 0.570662
2 28 	 9 10 	 1 1 	 0.420659
2 28 	 9 11 	 1 0 	 0.414251
2 28 	 9 12 	 1 0 	 0.364086
2 28 	 9 13 	 1 0 	 0.443372
2 28 	 9 14 	 1 0 	 0.541368
2 28 	 9 15 	 1 0 	 0.597339
2 28 	 9 16 	 1 0 	 0.474249
2 28 	 10 10 	 1 1 	 0.587698
2 16 	 10 7 	 1 0 	 0.595547
2 16 	 10 11 	 1 0 	 0.537796
2 28 	 10 11 	 1 0 	 0.570686
2 28 	 10 12 	 1 0 	 0.439195
2 28 	 10 13 	 1 0 	 0.451916
2 28 	 10 14 	 1 0 	 0.546464
2 28 	 10 16 	 1 0 	 0.523809
2 30 	 10 3 	 1 0 	 0.532403
2 30 	 10 4 	 1 0 	 0.474097
2 16 	 11 16 	 1 1 	 0.430888
2 18 	 11 1 	 1 1 	 0.548909
2 18 	 11 2 	 1 1 	 0.553077
2 18 	 11 6 	 1 1 	 0.392920
2 18 	 11 7 	 1 1 	 0.404082
2 18 	 11 8 	 1 1 	 0.508326
2 18 	 11 10 	 1 1 	 0.421884
2 18 	 11 11 	 1 1 	 0.536637
2 16 	 11 11 	 1 0 	 0.581116
2 16 	 11 12 	 1 0 	 0.537216
2 16 	 12 16 	 1 1 	 0.572871
2 18 	 12 1 	 1 1 	 0.567434
2 18 	 12 2 	 1 1 	 0.574005
2 18 	 12 6 	 1 1 	 0.473187
2 18 	 12 7 	 1 1 	 0.565754
2 18 	 12 10 	 1 1 	 0.588513
2 12 	 13 4 	 1 1 	 0.507608
2 18 	 13 6 	 1 1 	 0.546996
2 18 	 13 10 	 1 1 	 0.548209
2 12 	 14 4 	 1 1 	 0.491749
2 12 	 14 9 	 1 1 	 0.424137
2 12 	 14 10 	 1 1 	 0.517746
2 18 	 14 10 	 1 1 	 0.506188
2 28 	 14 9 	 1 1 	 0.485148
2 28 	 14 10 	 1 1 	 0.493089
2 12 	 15 4 	 1 1 	 0.422433
2 12 	 15 9 	 1 1 	 0.494848
2 18 	 15 6 	 1 1 	 0.530725
2 18 	 15 7 	 1 1 	 0.519216
2 18 	 15 8 	 1 1 	 0.426256
2 18 	 15 9 	 1 1 	 0.504561
2 18 	 15 10 	 1 1 	 0.356938
2 28 	 15 9 	 1 1 	 0.504880
2 28 	 15 10 	 1 1 	 0.524262
2 16 	 16 16 	 1 1 	 0.572086
2 18 	 16 1 	 1 1 	 0.513818
2 18 	 16 2 	 1 1 	 0.565832
2 18 	 16 6 	 1 1 	 0.524380
3 17 	 1 15 	 1 1 	 0.570835
3 17 	 2 13 	 1 1 	 0.499749
3 17 	 2 14 	 1 1 	 0.524943
3 17 	 2 15 	 1 1 	 0.420274
3 17 	 3 12 	 1 1 	 0.562518
3 17 	 3 13 	 1 1 	 0.414175
3 17 	 3 14 	 1 1 	 0.512612
3 17 	 3 15 	 1 1 	 0.453153
3 17 	 4 13 	 1 1 	 0.547024
3 17 	 5 13 	 1 1 	 0.583159
3 17 	 6 13 	 1 1 	 0.572285
3 17 	 6 15 	 1 1 	 0.440465
3 17 	 7 7 	 1 1 	 0.561849
3 17 	 7 8 	 1 1 	 0.589858
3 17 	 7 10 	 1 1 	 0.469573
3 17 	 7 15 	 1 1 	 0.456009
3 20 	 7 14 	 1 1 	 0.566176
3 17 	 8 10 	 1 1 	 0.521197
3 17 	 8 15 	 1 1 	 0.568244
3 20 	 8 13 	 1 1 	 0.582431
3 20 	 8 14 	 1 1 	 0.391875
3 20 	 8 15 	 1 1 	 0.417685
3 20 	 9 13 	 1 1 	 0.484692
3 20 	 9 14 	 1 1 	 0.448921
3 20 	 9 15 	 1 1 	 0.362551
3 31 	 9 16 	 1 1 	 0.562951
3 20 	 10 13 	 1 1 	 0.458589
3 20 	 10 14 	 1 1 	 0.358993
3 20 	 10 15 	 1 1 	 0.395339
3 17 	 11 6 	 1 1 	 0.563185
3 17 	 11 7 	 1 1 	 0.406837
3 17 	 11 8 	 1 1 	 0.477767
3 17 	 11 9 	 1 1 	 0.585459
3 17 	 11 10 	 1 1 	 0.416650
3 17 	 11 11 	 1 1 	 0.563335
3 17 	 11 15 	 1 1 	 0.463131
3 17 	 12 2 	 1 1 	 0.545509
3 17 	 12 3 	 1 1 	 0.524558
3 17 	 12 4 	 1 1 	 0.482140
3 17 	 12 5 	 1 1 	 0.594862
3 17 	 12 6 	 1 1 	 0.521554
3 17 	 12 7 	 1 1 	 0.429001
3 17 	 12 8 	 1 1 	 0.507122
3 17 	 12 10 	 1 1 	 0.468174
3 19 	 12 14 	 1 0 	 0.538469
3 19 	 12 15 	 1 0 	 0.467511
3 11 	 13 9 	 1 1 	 0.426993
3 17 	 13 4 	 1 1 	 0.508095
3 17 	 13 10 	 1 1 	 0.509393
3 11 	 13 10 	 1 0 	 0.461357
3 19 	 13 13 	 1 0 	 0.585599
3 19 	 13 14 	 1 0 	 0.505449
3 19 	 13 15 	 1 0 	 0.435051
3 22 	 13 4 	 1 0 	 0.474171
3 22 	 13 5 	 1 0 	 0.476904
3 10 	 14 4 	 1 1 	 0.528175
3 10 	 14 5 	 1 1 	 0.538845
3 10 	 14 9 	 1 1 	 0.564771
3 11 	 14 9 	 1 1 	 0.345156
3 17 	 14 10 	 1 1 	 0.497587
3 20 	 14 8 	 1 1 	 0.495553
3 20 	 14 10 	 1 1 	 0.403887
3 20 	 14 14 	 1 1 	 0.393727
3 20 	 14 15 	 1 1 	 0.445634
3 31 	 14 14 	 1 1 	 0.583124
3 11 	 14 8 	 1 0 	 0.598842
3 11 	 14 10 	 1 0 	 0.505470
3 20 	 14 9 	 1 0 	 0.589527
3 22 	 14 4 	 1 0 	 0.571459
3 22 	 14 5 	 1 0 	 0.552559
3 10 	 15 4 	 1 1 	 0.580001
3 10 	 15 5 	 1 1 	 0.499314
3 10 	 15 9 	 1 1 	 0.389823
3 11 	 15 9 	 1 1 	 0.331478
3 17 	 15 4 	 1 1 	 0.449739
3 17 	 15 8 	 1 1 	 0.521192
3 17 	 15 9 	 1 1 	 0.578137
3 17 	 15 10 	 1 1 	 0.367691
3 20 	 15 10 	 1 1 	 0.572263
3 20 	 15 14 	 1 1 	 0.519543
3 11 	 15 8 	 1 0 	 0.502778
3 11 	 15 10 	 1 0 	 0.406516
3 19 	 15 15 	 1 0 	 0.577590
3 17 	 16 1 	 1 1 	 0.586892
3 17 	 16 2 	 1 1 	 0.470504
3 17 	 16 3 	 1 1 	 0.502622
3 17 	 16 4 	 1 1 	 0.557563
3 17 	 16 6 	 1 1 	 0.501802
3 17 	 16 7 	 1 1 	 0.473544
3 19 	 16 14 	 1 0 	 0.484465
3 19 	 16 15 	 1 0 	 0.455207
4 24 	 1 13 	 1 1 	 0.532209
4 24 	 1 14 	 1 1 	 0.366920
4 24 	 1 15 	 1 1 	 0.397366
4 31 	 1 1 	 1 1 	 0.459567
4 31 	 1 2 	 1 1 	 0.575945
4 14 	 1 9 	 1 0 	 0.570389
4 24 	 2 13 	 1 1 	 0.546675
4 24 	 2 14 	 1 1 	 0.447473
4 24 	 2 15 	 1 1 	 0.467219
4 14 	 2 6 	 1 0 	 0.599379
4 14 	 2 7 	 1 0 	 0.592630
4 14 	 3 2 	 1 1 	 0.583034
4 14 	 3 6 	 1 1 	 0.422236
4 14 	 3 7 	 1 1 	 0.395084
4 14 	 3 8 	 1 1 	 0.480550
4 14 	 3 9 	 1 1 	 0.586129
4 14 	 3 11 	 1 1 	 0.454596
4 14 	 3 12 	 1 1 	 0.528074
4 14 	 3 16 	 1 1 	 0.573540
4 14 	 4 2 	 1 1 	 0.567959
4 14 	 4 3 	 1 1 	 0.472617
4 14 	 4 4 	 1 1 	 0.580650
4 14 	 4 6 	 1 1 	 0.469652
4 14 	 4 7 	 1 1 	 0.452333
4 14 	 4 11 	 1 1 	 0.424372
4 14 	 4 12 	 1 1 	 0.494651
4 14 	 5 1 	 1 1 	 0.534359
4 14 	 5 2 	 1 1 	 0.462130
4 14 	 5 3 	 1 1 	 0.426346
4 14 	 5 6 	 1 1 	 0.380824
4 14 	 5 7 	 1 1 	 0.450792
4 14 	 5 11 	 1 1 	 0.515616
4 24 	 6 12 	 1 1 	 0.578484
4 24 	 6 13 	 1 1 	 0.405722
4 24 	 6 14 	 1 1 	 0.414430
4 24 	 6 15 	 1 1 	 0.391201
4 24 	 7 11 	 1 1 	 0.587599
4 24 	 7 12 	 1 1 	 0.555972
4 24 	 7 13 	 1 1 	 0.405429
4 24 	 7 14 	 1 1 	 0.514658
4 24 	 7 15 	 1 1 	 0.502429
4 24 	 11 12 	 1 1 	 0.551859
4 24 	 11 13 	 1 1 	 0.383648
4 24 	 11 14 	 1 1 	 0.517958
4 24 	 11 15 	 1 1 	 0.557629
4 24 	 12 1 	 1 1 	 0.435901
4 24 	 12 2 	 1 1 	 0.546386
4 24 	 12 6 	 1 1 	 0.555397
4 24 	 12 7 	 1 1 	 0.590212
4 24 	 12 11 	 1 1 	 0.556520
4 24 	 12 12 	 1 1 	 0.518904
4 24 	 12 13 	 1 1 	 0.426156
4 24 	 13 1 	 1 1 	 0.469746
4 24 	 14 1 	 1 1 	 0.584775
4 24 	 15 1 	 1 1 	 0.378504
4 24 	 15 2 	 1 1 	 0.526290
4 24 	 16 1 	 1 1 	 0.272830
4 24 	 16 2 	 1 1 	 0.357737
4 24 	 16 3 	 1 1 	 0.592852
4 24 	 16 6 	 1 1 	 0.379175
4 24 	 16 7 	 1 1 	 0.438310
4 24 	 16 11 	 1 1 	 0.441494
4 24 	 16 12 	 1 1 	 0.442354
4 24 	 16 13 	 1 1 	 0.453816
4 24 	 16 16 	 1 1 	 0.530203
5 31 	 1 7 	 1 1 	 0.586536
5 31 	 1 8 	 1 1 	 0.585085
5 31 	 1 10 	 1 1 	 0.593418
5 15 	 1 15 	 1 0 	 0.591584
5 15 	 2 13 	 1 0 	 0.484081
5 15 	 2 14 	 1 0 	 0.547076
5 15 	 2 15 	 1 0 	 0.528690
5 15 	 3 13 	 1 0 	 0.548847
5 15 	 3 14 	 1 0 	 0.576325
5 31 	 6 8 	 1 1 	 0.571722
5 31 	 6 10 	 1 1 	 0.559561
5 15 	 6 12 	 1 0 	 0.523324
5 15 	 6 13 	 1 0 	 0.382484
5 15 	 6 14 	 1 0 	 0.482412
5 15 	 6 15 	 1 0 	 0.390729
5 15 	 6 11 	 1 0 	 0.568144
5 31 	 7 8 	 1 1 	 0.599104
5 15 	 7 12 	 1 0 	 0.495879
5 15 	 7 13 	 1 0 	 0.423920
5 15 	 7 14 	 1 0 	 0.596243
5 15 	 7 15 	 1 0 	 0.437750
5 15 	 7 6 	 1 0 	 0.593868
5 8 	 7 10 	 1 0 	 0.594793
5 15 	 7 7 	 1 0 	 0.565397
5 15 	 7 11 	 1 0 	 0.500761
5 18 	 8 9 	 1 1 	 0.576575
5 8 	 8 10 	 1 0 	 0.599293
5 31 	 8 4 	 1 0 	 0.398901
5 31 	 8 8 	 1 0 	 0.506089
5 31 	 8 9 	 1 0 	 0.595714
5 31 	 8 10 	 1 0 	 0.582700
5 15 	 8 13 	 1 0 	 0.597614
5 15 	 8 15 	 1 0 	 0.540081
5 8 	 9 9 	 1 1 	 0.445296
5 8 	 9 10 	 1 1 	 0.541130
5 16 	 9 9 	 1 1 	 0.594087
5 18 	 9 13 	 1 1 	 0.422914
5 18 	 9 15 	 1 1 	 0.529577
5 28 	 9 14 	 1 1 	 0.572470
5 28 	 9 15 	 1 1 	 0.585844
5 18 	 9 9 	 1 0 	 0.422761
5 18 	 9 12 	 1 0 	 0.599859
5 8 	 9 3 	 1 0 	 0.594231
5 8 	 9 4 	 1 0 	 0.529893
5 18 	 9 14 	 1 0 	 0.482587
5 31 	 9 4 	 1 0 	 0.384160
5 31 	 9 5 	 1 0 	 0.567110
5 31 	 9 8 	 1 0 	 0.597921
5 31 	 9 9 	 1 0 	 0.566849
5 31 	 10 4 	 1 1 	 0.375880
5 31 	 10 5 	 1 1 	 0.540205
5 31 	 10 8 	 1 1 	 0.417349
5 31 	 10 9 	 1 1 	 0.394656
5 31 	 10 10 	 1 1 	 0.437764
5 8 	 10 3 	 1 0 	 0.544245
5 8 	 10 4 	 1 0 	 0.548868
5 15 	 10 15 	 1 0 	 0.482328
5 18 	 10 14 	 1 0 	 0.466688
5 18 	 10 9 	 1 0 	 0.591192
5 8 	 10 9 	 1 0 	 0.586176
5 18 	 10 13 	 1 0 	 0.493277
5 18 	 10 15 	 1 0 	 0.599736
5 15 	 11 6 	 1 1 	 0.410034
5 15 	 11 1 	 1 0 	 0.576706
5 15 	 11 2 	 1 0 	 0.574030
5 8 	 11 9 	 1 0 	 0.597696
5 8 	 11 10 	 1 0 	 0.496971
5 15 	 11 7 	 1 0 	 0.390424
5 15 	 11 11 	 1 0 	 0.388574
5 28 	 11 4 	 1 0 	 0.511408
5 15 	 11 12 	 1 0 	 0.457358
5 15 	 11 13 	 1 0 	 0.485713
5 15 	 11 15 	 1 0 	 0.563320
5 14 	 12 15 	 1 1 	 0.577130
5 14 	 12 16 	 1 1 	 0.512069
5 15 	 12 6 	 1 1 	 0.436767
5 15 	 12 1 	 1 0 	 0.459829
5 15 	 12 2 	 1 0 	 0.523811
5 15 	 12 7 	 1 0 	 0.522188
5 15 	 12 11 	 1 0 	 0.531317
5 14 	 13 13 	 1 1 	 0.569582
5 14 	 13 14 	 1 1 	 0.588323
5 14 	 13 15 	 1 1 	 0.396784
5 14 	 13 16 	 1 1 	 0.499685
5 15 	 13 6 	 1 1 	 0.461963
5 29 	 13 4 	 1 1 	 0.444283
5 29 	 13 5 	 1 1 	 0.513394
5 15 	 13 1 	 1 0 	 0.522567
5 15 	 13 2 	 1 0 	 0.559102
5 15 	 13 7 	 1 0 	 0.567113
5 28 	 13 4 	 1 0 	 0.530011
5 14 	 14 10 	 1 1 	 0.545032
5 14 	 14 14 	 1 1 	 0.561611
5 14 	 14 15 	 1 1 	 0.427546
5 18 	 14 9 	 1 1 	 0.462233
5 28 	 14 8 	 1 1 	 0.399434
5 28 	 14 9 	 1 1 	 0.385316
5 28 	 14 10 	 1 1 	 0.454313
5 29 	 14 4 	 1 1 	 0.462915
5 28 	 14 4 	 1 0 	 0.489302
5 31 	 14 4 	 1 0 	 0.586594
5 14 	 15 9 	 1 1 	 0.542512
5 14 	 15 10 	 1 1 	 0.429664
5 14 	 15 12 	 1 1 	 0.592936
5 14 	 15 13 	 1 1 	 0.567212
5 14 	 15 14 	 1 1 	 0.546381
5 14 	 15 15 	 1 1 	 0.356381
5 14 	 15 16 	 1 1 	 0.466066
5 18 	 15 9 	 1 1 	 0.521334
5 28 	 15 9 	 1 1 	 0.512601
5 29 	 15 4 	 1 1 	 0.581488
5 31 	 15 3 	 1 0 	 0.583908
5 31 	 15 4 	 1 0 	 0.501032
5 14 	 16 16 	 1 1 	 0.562333
5 15 	 16 6 	 1 1 	 0.425390
5 15 	 16 1 	 1 0 	 0.353876
5 15 	 16 2 	 1 0 	 0.450950
5 15 	 16 7 	 1 0 	 0.532088
5 15 	 16 11 	 1 0 	 0.513742
6 7 	 3 4 	 1 1 	 0.589446
6 7 	 3 5 	 1 1 	 0.527568
6 7 	 4 4 	 1 1 	 0.442878
6 7 	 4 5 	 1 1 	 0.495537
6 10 	 4 14 	 1 1 	 0.403902
6 10 	 4 15 	 1 1 	 0.582740
6 10 	 5 14 	 1 1 	 0.579395
6 7 	 6 5 	 1 1 	 0.530889
6 11 	 6 14 	 1 1 	 0.495341
6 11 	 6 11 	 1 0 	 0.513797
6 11 	 6 12 	 1 0 	 0.557597
6 11 	 6 13 	 1 0 	 0.524631
6 7 	 7 5 	 1 1 	 0.582358
6 10 	 7 10 	 1 1 	 0.474516
6 11 	 7 14 	 1 1 	 0.409469
6 11 	 7 7 	 1 0 	 0.548236
6 11 	 7 11 	 1 0 	 0.471340
6 11 	 7 12 	 1 0 	 0.581180
6 11 	 7 13 	 1 0 	 0.518851
6 11 	 7 15 	 1 0 	 0.564681
6 7 	 8 4 	 1 1 	 0.558762
6 10 	 8 6 	 1 1 	 0.561359
6 10 	 8 7 	 1 1 	 0.519788
6 10 	 8 8 	 1 1 	 0.563051
6 10 	 8 10 	 1 1 	 0.414107
6 10 	 8 14 	 1 1 	 0.494725
6 11 	 8 14 	 1 1 	 0.491749
6 10 	 9 6 	 1 1 	 0.465150
6 10 	 9 7 	 1 1 	 0.467107
6 10 	 9 10 	 1 1 	 0.575788
6 10 	 9 11 	 1 1 	 0.520522
6 10 	 9 13 	 1 1 	 0.451313
6 10 	 9 14 	 1 1 	 0.468592
6 10 	 10 13 	 1 1 	 0.540359
6 10 	 10 14 	 1 1 	 0.433581
6 10 	 11 9 	 1 1 	 0.592066
6 10 	 11 10 	 1 1 	 0.466166
6 11 	 11 14 	 1 1 	 0.520313
6 11 	 11 7 	 1 0 	 0.506065
6 11 	 11 8 	 1 0 	 0.526738
6 11 	 11 11 	 1 0 	 0.500502
6 11 	 12 7 	 1 0 	 0.513697
6 11 	 12 8 	 1 0 	 0.538969
6 11 	 12 11 	 1 0 	 0.553067
6 11 	 13 6 	 1 1 	 0.554513
6 11 	 13 7 	 1 1 	 0.514045
6 11 	 13 8 	 1 1 	 0.573774
6 11 	 13 11 	 1 1 	 0.586111
6 11 	 14 5 	 1 1 	 0.587555
6 16 	 14 4 	 1 1 	 0.551881
6 16 	 14 5 	 1 1 	 0.539754
6 20 	 14 4 	 1 1 	 0.515042
6 20 	 14 2 	 1 0 	 0.528769
6 20 	 14 3 	 1 0 	 0.553353
6 20 	 14 5 	 1 0 	 0.506570
6 20 	 14 6 	 1 0 	 0.503410
6 11 	 15 5 	 1 1 	 0.466445
6 11 	 15 6 	 1 1 	 0.516319
6 11 	 15 7 	 1 1 	 0.533444
6 11 	 15 8 	 1 1 	 0.514168
6 20 	 15 4 	 1 1 	 0.586306
6 11 	 15 9 	 1 0 	 0.558704
6 20 	 15 2 	 1 0 	 0.535494
6 20 	 15 3 	 1 0 	 0.585674
6 20 	 15 6 	 1 0 	 0.426145
6 20 	 15 10 	 1 0 	 0.566808
7 11 	 3 14 	 1 1 	 0.549664
7 27 	 3 9 	 1 1 	 0.397701
7 27 	 3 10 	 1 1 	 0.519739
7 10 	 4 14 	 1 1 	 0.391511
7 10 	 4 15 	 1 1 	 0.545047
7 11 	 4 14 	 1 1 	 0.487418
7 27 	 4 9 	 1 1 	 0.416132
7 27 	 4 10 	 1 1 	 0.439255
7 10 	 5 14 	 1 1 	 0.587154
7 11 	 5 14 	 1 1 	 0.415203
7 27 	 5 9 	 1 1 	 0.447470
7 27 	 5 10 	 1 1 	 0.563004
7 11 	 5 13 	 1 0 	 0.490305
7 11 	 5 15 	 1 0 	 0.573923
7 25 	 6 10 	 1 1 	 0.538208
7 25 	 7 4 	 1 1 	 0.479477
7 25 	 7 10 	 1 1 	 0.493496
7 25 	 8 4 	 1 1 	 0.420318
7 25 	 8 5 	 1 1 	 0.550226
7 25 	 8 10 	 1 1 	 0.529909
7 11 	 9 12 	 1 1 	 0.490966
7 11 	 9 13 	 1 1 	 0.362383
7 11 	 9 15 	 1 1 	 0.503202
7 11 	 9 16 	 1 1 	 0.558519
7 19 	 9 3 	 1 1 	 0.494853
7 19 	 9 4 	 1 1 	 0.574829
7 19 	 9 5 	 1 1 	 0.481863
7 11 	 9 14 	 1 0 	 0.521018
7 11 	 10 13 	 1 1 	 0.549759
7 19 	 10 2 	 1 1 	 0.590297
7 19 	 10 3 	 1 1 	 0.402720
7 19 	 10 4 	 1 1 	 0.457342
7 19 	 10 5 	 1 1 	 0.451320
7 25 	 10 4 	 1 1 	 0.556581
7 25 	 10 8 	 1 1 	 0.585090
7 25 	 10 10 	 1 1 	 0.401578
7 25 	 11 4 	 1 1 	 0.514496
7 32 	 12 9 	 1 0 	 0.554621
7 32 	 13 7 	 1 1 	 0.586530
7 32 	 13 8 	 1 1 	 0.401654
7 32 	 13 10 	 1 1 	 0.491127
7 32 	 13 15 	 1 1 	 0.549514
7 32 	 13 9 	 1 0 	 0.395228
7 32 	 13 14 	 1 0 	 0.520358
7 32 	 14 7 	 1 1 	 0.523658
7 32 	 14 8 	 1 1 	 0.393279
7 32 	 14 10 	 1 1 	 0.525163
7 32 	 14 11 	 1 1 	 0.585804
7 32 	 14 15 	 1 1 	 0.520613
7 32 	 14 9 	 1 0 	 0.545015
7 25 	 15 8 	 1 1 	 0.554700
7 25 	 15 9 	 1 1 	 0.460959
7 25 	 15 10 	 1 1 	 0.515516
7 32 	 15 7 	 1 1 	 0.585143
7 32 	 15 8 	 1 1 	 0.471375
7 32 	 15 15 	 1 1 	 0.439425
7 32 	 15 9 	 1 0 	 0.582762
7 32 	 15 14 	 1 0 	 0.488891
7 32 	 16 9 	 1 0 	 0.562335
8 15 	 1 12 	 1 1 	 0.449683
8 15 	 1 13 	 1 1 	 0.433402
8 15 	 1 14 	 1 1 	 0.469876
8 15 	 1 15 	 1 1 	 0.463414
8 15 	 1 16 	 1 1 	 0.275131
8 22 	 1 11 	 1 1 	 0.598802
8 15 	 2 12 	 1 1 	 0.527265
8 15 	 2 13 	 1 1 	 0.496190
8 15 	 2 14 	 1 1 	 0.522406
8 15 	 2 15 	 1 1 	 0.462828
8 15 	 2 16 	 1 1 	 0.364829
8 22 	 2 11 	 1 1 	 0.563856
8 22 	 2 12 	 1 1 	 0.576025
8 22 	 2 13 	 1 1 	 0.517635
8 26 	 2 5 	 1 0 	 0.566083
8 15 	 3 12 	 1 1 	 0.551708
8 15 	 3 13 	 1 1 	 0.493840
8 15 	 3 14 	 1 1 	 0.546379
8 15 	 3 15 	 1 1 	 0.390065
8 15 	 3 16 	 1 1 	 0.458351
8 22 	 3 8 	 1 1 	 0.582747
8 22 	 3 9 	 1 1 	 0.571798
8 22 	 3 11 	 1 1 	 0.595051
8 22 	 3 13 	 1 1 	 0.560890
8 5 	 3 10 	 1 0 	 0.544245
8 5 	 3 9 	 1 0 	 0.594231
8 26 	 3 5 	 1 0 	 0.555219
8 13 	 4 4 	 1 1 	 0.591723
8 13 	 4 9 	 1 1 	 0.549572
8 18 	 4 14 	 1 1 	 0.419201
8 22 	 4 9 	 1 1 	 0.516765
8 5 	 4 10 	 1 0 	 0.548868
8 5 	 4 9 	 1 0 	 0.529893
8 16 	 4 9 	 1 0 	 0.483643
8 18 	 4 15 	 1 0 	 0.464636
8 26 	 4 4 	 1 0 	 0.548081
8 26 	 4 5 	 1 0 	 0.466672
8 13 	 5 4 	 1 1 	 0.491306
8 13 	 5 9 	 1 1 	 0.541429
8 15 	 5 15 	 1 1 	 0.559484
8 18 	 5 14 	 1 1 	 0.521364
8 22 	 5 8 	 1 1 	 0.528563
8 22 	 5 9 	 1 1 	 0.420250
8 22 	 5 11 	 1 1 	 0.550646
8 22 	 5 12 	 1 1 	 0.536297
8 22 	 5 13 	 1 1 	 0.393056
8 22 	 5 14 	 1 1 	 0.497084
8 22 	 5 15 	 1 1 	 0.561071
8 26 	 5 5 	 1 0 	 0.461564
8 15 	 6 16 	 1 1 	 0.434465
8 22 	 6 13 	 1 1 	 0.597857
8 22 	 6 14 	 1 1 	 0.595044
8 26 	 6 2 	 1 0 	 0.570459
8 26 	 6 3 	 1 0 	 0.584116
8 26 	 6 5 	 1 0 	 0.414362
8 26 	 7 2 	 1 1 	 0.524441
8 26 	 7 3 	 1 1 	 0.526371
8 26 	 7 4 	 1 1 	 0.496921
8 26 	 7 5 	 1 1 	 0.371458
8 26 	 7 8 	 1 1 	 0.523222
8 26 	 7 9 	 1 1 	 0.566055
8 30 	 7 14 	 1 1 	 0.516123
8 15 	 7 16 	 1 0 	 0.508780
8 26 	 8 4 	 1 1 	 0.524438
8 26 	 8 5 	 1 1 	 0.485317
8 26 	 8 8 	 1 1 	 0.527962
8 26 	 8 9 	 1 1 	 0.491424
8 28 	 8 5 	 1 1 	 0.549345
8 30 	 8 10 	 1 1 	 0.561314
8 30 	 8 13 	 1 1 	 0.591365
8 30 	 8 14 	 1 1 	 0.340908
8 30 	 8 15 	 1 1 	 0.543890
8 15 	 8 16 	 1 0 	 0.562806
8 16 	 9 9 	 1 1 	 0.502950
8 28 	 9 4 	 1 1 	 0.495830
8 28 	 9 5 	 1 1 	 0.431083
8 28 	 9 14 	 1 1 	 0.562417
8 28 	 9 15 	 1 1 	 0.437170
8 30 	 9 10 	 1 1 	 0.514027
8 30 	 9 14 	 1 1 	 0.432282
8 5 	 9 11 	 1 0 	 0.597696
8 5 	 9 10 	 1 0 	 0.586176
8 15 	 10 7 	 1 1 	 0.491523
8 15 	 10 8 	 1 1 	 0.582165
8 15 	 10 11 	 1 1 	 0.512197
8 28 	 10 4 	 1 1 	 0.459424
8 28 	 10 5 	 1 1 	 0.465900
8 30 	 10 14 	 1 1 	 0.421801
8 30 	 10 15 	 1 1 	 0.581458
8 5 	 10 8 	 1 0 	 0.599293
8 5 	 10 11 	 1 0 	 0.496971
8 15 	 10 12 	 1 0 	 0.492699
8 15 	 10 13 	 1 0 	 0.588722
8 15 	 10 16 	 1 0 	 0.475946
8 5 	 10 7 	 1 0 	 0.594793
8 26 	 11 1 	 1 1 	 0.492560
8 26 	 11 2 	 1 1 	 0.396082
8 26 	 11 3 	 1 1 	 0.481428
8 26 	 11 4 	 1 1 	 0.542296
8 26 	 11 5 	 1 1 	 0.420223
8 26 	 11 6 	 1 1 	 0.463893
8 26 	 11 7 	 1 1 	 0.496642
8 26 	 11 8 	 1 1 	 0.460296
8 30 	 11 14 	 1 1 	 0.579473
8 15 	 11 16 	 1 0 	 0.599269
8 26 	 12 1 	 1 1 	 0.477834
8 26 	 12 2 	 1 1 	 0.440814
8 26 	 12 5 	 1 1 	 0.599685
8 26 	 12 6 	 1 1 	 0.499387
8 26 	 12 7 	 1 1 	 0.535071
8 26 	 12 8 	 1 1 	 0.563193
8 26 	 12 13 	 1 1 	 0.553406
8 26 	 13 2 	 1 1 	 0.584032
8 26 	 13 6 	 1 1 	 0.564226
8 26 	 13 7 	 1 1 	 0.503457
8 26 	 13 8 	 1 1 	 0.472667
8 26 	 13 11 	 1 1 	 0.568399
8 26 	 13 12 	 1 1 	 0.577663
8 26 	 13 13 	 1 1 	 0.432091
8 26 	 13 14 	 1 1 	 0.463210
8 30 	 13 13 	 1 1 	 0.590882
8 30 	 13 14 	 1 1 	 0.534617
8 30 	 13 15 	 1 1 	 0.582938
8 15 	 14 8 	 1 1 	 0.464868
8 26 	 14 14 	 1 1 	 0.503117
8 30 	 14 13 	 1 1 	 0.520102
8 30 	 14 14 	 1 1 	 0.431292
8 30 	 14 15 	 1 1 	 0.404436
8 15 	 14 9 	 1 0 	 0.504856
8 15 	 14 10 	 1 0 	 0.450850
8 15 	 15 8 	 1 1 	 0.532291
8 15 	 15 9 	 1 0 	 0.517533
8 15 	 15 10 	 1 0 	 0.411069
8 15 	 15 16 	 1 0 	 0.557533
8 26 	 16 1 	 1 1 	 0.291760
8 26 	 16 2 	 1 1 	 0.299550
8 26 	 16 3 	 1 1 	 0.507967
8 26 	 16 5 	 1 1 	 0.562000
8 26 	 16 6 	 1 1 	 0.396903
8 26 	 16 7 	 1 1 	 0.502110
8 26 	 16 8 	 1 1 	 0.596818
8 26 	 16 11 	 1 1 	 0.561357
8 26 	 16 12 	 1 1 	 0.574107
8 26 	 16 13 	 1 1 	 0.592776
8 26 	 16 16 	 1 1 	 0.588066
9 24 	 1 8 	 1 0 	 0.595913
9 24 	 1 9 	 1 0 	 0.595446
9 24 	 2 8 	 1 0 	 0.563233
9 21 	 3 4 	 1 1 	 0.565026
9 21 	 3 5 	 1 1 	 0.569509
9 21 	 3 7 	 1 1 	 0.564928
9 21 	 3 8 	 1 1 	 0.503871
9 21 	 3 9 	 1 1 	 0.487749
9 24 	 3 7 	 1 0 	 0.571923
9 24 	 3 8 	 1 0 	 0.443066
9 24 	 3 10 	 1 0 	 0.570695
9 21 	 4 3 	 1 1 	 0.511787
9 21 	 4 4 	 1 1 	 0.347197
9 21 	 4 5 	 1 1 	 0.451160
9 21 	 4 6 	 1 1 	 0.561258
9 21 	 4 7 	 1 1 	 0.570875
9 21 	 4 8 	 1 1 	 0.480289
9 21 	 4 9 	 1 1 	 0.356787
9 21 	 4 10 	 1 1 	 0.542297
9 26 	 4 1 	 1 1 	 0.595656
9 26 	 4 2 	 1 1 	 0.569033
9 26 	 4 3 	 1 1 	 0.500692
9 26 	 4 6 	 1 1 	 0.505459
9 24 	 4 8 	 1 0 	 0.598509
9 21 	 5 4 	 1 1 	 0.547486
9 21 	 5 8 	 1 1 	 0.585974
9 21 	 5 9 	 1 1 	 0.440482
9 26 	 5 2 	 1 1 	 0.591773
9 26 	 5 3 	 1 1 	 0.477059
9 26 	 5 6 	 1 1 	 0.598443
9 24 	 5 3 	 1 0 	 0.568139
9 24 	 5 4 	 1 0 	 0.456080
9 24 	 5 6 	 1 0 	 0.558750
9 24 	 5 7 	 1 0 	 0.542630
9 24 	 5 8 	 1 0 	 0.489734
9 24 	 5 10 	 1 0 	 0.585787
9 13 	 6 8 	 1 0 	 0.552035
9 21 	 7 5 	 1 1 	 0.592677
9 21 	 8 4 	 1 1 	 0.509188
9 21 	 8 5 	 1 1 	 0.559795
9 26 	 8 3 	 1 1 	 0.580529
9 26 	 8 4 	 1 1 	 0.536538
9 16 	 9 10 	 1 1 	 0.502175
9 26 	 9 3 	 1 1 	 0.465647
9 26 	 9 4 	 1 1 	 0.332941
9 26 	 9 5 	 1 1 	 0.486050
9 26 	 9 9 	 1 1 	 0.541635
9 13 	 9 8 	 1 0 	 0.460201
9 13 	 9 9 	 1 0 	 0.403764
9 13 	 9 10 	 1 0 	 0.531015
9 16 	 10 10 	 1 1 	 0.484275
9 26 	 10 4 	 1 1 	 0.455372
9 26 	 10 9 	 1 1 	 0.531072
9 26 	 10 10 	 1 1 	 0.567075
9 23 	 13 11 	 1 1 	 0.529926
9 23 	 13 12 	 1 1 	 0.553018
9 23 	 13 13 	 1 1 	 0.464802
9 23 	 13 14 	 1 1 	 0.513654
9 16 	 14 10 	 1 1 	 0.531121
9 23 	 14 7 	 1 1 	 0.538469
9 23 	 14 11 	 1 1 	 0.461815
9 23 	 14 12 	 1 1 	 0.542653
9 23 	 14 13 	 1 1 	 0.472172
9 26 	 14 9 	 1 1 	 0.487457
9 26 	 14 10 	 1 1 	 0.476955
9 30 	 14 4 	 1 1 	 0.593291
9 30 	 14 5 	 1 1 	 0.546272
9 30 	 14 7 	 1 1 	 0.592260
9 30 	 14 8 	 1 1 	 0.409882
9 30 	 14 9 	 1 1 	 0.472921
9 30 	 14 10 	 1 1 	 0.532389
9 16 	 15 8 	 1 1 	 0.574589
9 16 	 15 10 	 1 1 	 0.505685
9 23 	 15 13 	 1 1 	 0.503908
9 23 	 15 14 	 1 1 	 0.548720
9 30 	 15 4 	 1 1 	 0.518763
9 30 	 15 5 	 1 1 	 0.496504
9 30 	 15 8 	 1 1 	 0.539969
9 30 	 15 9 	 1 1 	 0.521434
10 17 	 2 9 	 1 1 	 0.520033
10 17 	 3 9 	 1 1 	 0.471441
10 17 	 3 10 	 1 1 	 0.537217
10 20 	 3 14 	 1 1 	 0.490218
10 17 	 4 10 	 1 1 	 0.597562
10 20 	 4 1 	 1 1 	 0.589317
10 20 	 4 6 	 1 1 	 0.491497
10 20 	 4 7 	 1 1 	 0.507182
10 20 	 4 11 	 1 1 	 0.449516
10 20 	 4 12 	 1 1 	 0.513549
10 20 	 4 13 	 1 1 	 0.459069
10 20 	 4 14 	 1 1 	 0.355353
10 20 	 4 15 	 1 1 	 0.516109
10 17 	 5 9 	 1 1 	 0.498887
10 17 	 5 10 	 1 1 	 0.470197
10 20 	 5 14 	 1 1 	 0.470626
10 17 	 6 9 	 1 1 	 0.535721
10 17 	 7 9 	 1 1 	 0.564508
10 27 	 7 5 	 1 1 	 0.595666
10 27 	 7 10 	 1 1 	 0.494263
10 11 	 8 14 	 1 1 	 0.584197
10 17 	 8 5 	 1 1 	 0.580160
10 17 	 8 8 	 1 1 	 0.455910
10 17 	 8 9 	 1 1 	 0.429848
10 17 	 8 10 	 1 1 	 0.474177
10 27 	 8 4 	 1 1 	 0.583896
10 27 	 8 5 	 1 1 	 0.589381
10 27 	 8 8 	 1 1 	 0.512213
10 27 	 8 9 	 1 1 	 0.556616
10 27 	 8 10 	 1 1 	 0.420740
10 11 	 9 9 	 1 1 	 0.522652
10 11 	 9 14 	 1 1 	 0.525668
10 17 	 9 4 	 1 1 	 0.445828
10 17 	 9 5 	 1 1 	 0.496996
10 17 	 9 8 	 1 1 	 0.463315
10 17 	 9 9 	 1 1 	 0.496228
10 17 	 9 10 	 1 1 	 0.403052
10 27 	 9 10 	 1 1 	 0.583943
10 11 	 9 8 	 1 0 	 0.471857
10 11 	 9 10 	 1 0 	 0.536994
10 11 	 9 15 	 1 0 	 0.551626
10 11 	 10 14 	 1 1 	 0.387268
10 17 	 10 4 	 1 1 	 0.564695
10 17 	 10 5 	 1 1 	 0.563179
10 17 	 10 10 	 1 1 	 0.590357
10 27 	 10 8 	 1 1 	 0.579375
10 27 	 10 9 	 1 1 	 0.507541
10 27 	 10 10 	 1 1 	 0.463980
10 11 	 10 8 	 1 0 	 0.534549
10 11 	 10 15 	 1 0 	 0.497726
10 27 	 11 4 	 1 1 	 0.597449
10 27 	 11 5 	 1 1 	 0.545257
10 27 	 11 10 	 1 1 	 0.505578
10 27 	 14 10 	 1 1 	 0.567628
11 19 	 1 12 	 1 1 	 0.541086
11 19 	 1 16 	 1 1 	 0.371800
11 19 	 2 12 	 1 1 	 0.469085
11 19 	 2 13 	 1 1 	 0.537067
11 19 	 2 16 	 1 1 	 0.337713
11 19 	 3 12 	 1 1 	 0.543457
11 19 	 3 13 	 1 1 	 0.531287
11 19 	 3 16 	 1 1 	 0.464716
11 22 	 3 3 	 1 1 	 0.538311
11 22 	 3 4 	 1 1 	 0.471825
11 13 	 4 1 	 1 1 	 0.594098
11 13 	 4 2 	 1 1 	 0.578330
11 13 	 4 3 	 1 1 	 0.431770
11 13 	 4 4 	 1 1 	 0.564860
11 13 	 4 5 	 1 1 	 0.589984
11 20 	 4 4 	 1 1 	 0.597503
11 20 	 4 9 	 1 1 	 0.542820
11 22 	 4 3 	 1 1 	 0.534607
11 22 	 4 9 	 1 1 	 0.561962
11 22 	 4 10 	 1 1 	 0.442028
11 20 	 4 10 	 1 0 	 0.574466
11 20 	 5 9 	 1 1 	 0.477652
11 22 	 5 3 	 1 1 	 0.514071
11 22 	 5 4 	 1 1 	 0.517665
11 22 	 5 10 	 1 1 	 0.548854
11 20 	 5 10 	 1 0 	 0.424651
11 19 	 6 16 	 1 1 	 0.504699
11 6 	 7 7 	 1 0 	 0.548236
11 6 	 7 11 	 1 0 	 0.506065
11 6 	 7 12 	 1 0 	 0.513697
11 3 	 8 14 	 1 0 	 0.598842
11 3 	 8 15 	 1 0 	 0.502778
11 6 	 8 11 	 1 0 	 0.526738
11 6 	 8 12 	 1 0 	 0.538969
11 10 	 8 9 	 1 0 	 0.471857
11 10 	 8 10 	 1 0 	 0.534549
11 17 	 8 4 	 1 0 	 0.526014
11 17 	 9 4 	 1 1 	 0.564086
11 20 	 9 10 	 1 1 	 0.391195
11 6 	 9 15 	 1 0 	 0.558704
11 19 	 9 15 	 1 0 	 0.587832
11 20 	 9 9 	 1 0 	 0.590119
11 22 	 9 4 	 1 0 	 0.479581
11 22 	 9 5 	 1 0 	 0.588950
11 19 	 10 12 	 1 1 	 0.530966
11 19 	 10 13 	 1 1 	 0.459644
11 19 	 10 15 	 1 1 	 0.447944
11 19 	 10 16 	 1 1 	 0.560370
11 22 	 10 4 	 1 1 	 0.476200
11 3 	 10 13 	 1 0 	 0.461357
11 3 	 10 14 	 1 0 	 0.505470
11 3 	 10 15 	 1 0 	 0.406516
11 10 	 10 9 	 1 0 	 0.536994
11 17 	 10 4 	 1 0 	 0.423701
11 20 	 10 10 	 1 0 	 0.593812
11 6 	 11 6 	 1 0 	 0.513797
11 6 	 11 7 	 1 0 	 0.471340
11 6 	 11 11 	 1 0 	 0.500502
11 6 	 11 12 	 1 0 	 0.553067
11 6 	 12 6 	 1 0 	 0.557597
11 6 	 12 7 	 1 0 	 0.581180
11 19 	 13 5 	 1 1 	 0.495843
11 6 	 13 6 	 1 0 	 0.524631
11 6 	 13 7 	 1 0 	 0.518851
11 7 	 13 5 	 1 0 	 0.490305
11 27 	 13 9 	 1 0 	 0.570814
11 17 	 14 4 	 1 1 	 0.580126
11 17 	 14 5 	 1 1 	 0.564483
11 27 	 14 8 	 1 1 	 0.598663
11 27 	 14 9 	 1 1 	 0.363899
11 27 	 14 10 	 1 1 	 0.490672
11 7 	 14 9 	 1 0 	 0.521018
11 19 	 14 5 	 1 0 	 0.535052
11 19 	 15 3 	 1 1 	 0.573879
11 19 	 15 4 	 1 1 	 0.587007
11 19 	 15 5 	 1 1 	 0.385467
11 6 	 15 7 	 1 0 	 0.564681
11 7 	 15 5 	 1 0 	 0.573923
11 10 	 15 9 	 1 0 	 0.551626
11 10 	 15 10 	 1 0 	 0.497726
11 17 	 15 4 	 1 0 	 0.449243
11 17 	 15 5 	 1 0 	 0.485262
11 27 	 15 9 	 1 0 	 0.450386
12 14 	 1 1 	 1 1 	 0.526221
12 21 	 1 12 	 1 1 	 0.519167
12 21 	 1 15 	 1 1 	 0.495655
12 21 	 1 16 	 1 1 	 0.328626
12 14 	 2 1 	 1 1 	 0.466250
12 14 	 2 2 	 1 1 	 0.552439
12 14 	 2 6 	 1 1 	 0.590893
12 21 	 2 12 	 1 1 	 0.540046
12 21 	 2 16 	 1 1 	 0.344942
12 14 	 3 8 	 1 1 	 0.577771
12 21 	 3 16 	 1 1 	 0.521928
12 14 	 4 8 	 1 1 	 0.460609
12 14 	 4 9 	 1 1 	 0.441240
12 14 	 4 10 	 1 1 	 0.444812
12 18 	 4 4 	 1 1 	 0.522509
12 18 	 4 5 	 1 1 	 0.502049
12 14 	 5 6 	 1 1 	 0.567342
12 14 	 5 7 	 1 1 	 0.599467
12 14 	 5 8 	 1 1 	 0.437305
12 14 	 5 9 	 1 1 	 0.480864
12 14 	 5 10 	 1 1 	 0.530761
12 18 	 5 4 	 1 1 	 0.500453
12 18 	 5 5 	 1 1 	 0.470712
12 21 	 5 16 	 1 1 	 0.570367
12 14 	 6 1 	 1 1 	 0.391569
12 14 	 6 2 	 1 1 	 0.425044
12 14 	 6 6 	 1 1 	 0.452762
12 14 	 6 7 	 1 1 	 0.538870
12 14 	 6 8 	 1 1 	 0.517138
12 21 	 6 16 	 1 1 	 0.512482
12 14 	 7 1 	 1 1 	 0.505955
12 14 	 7 2 	 1 1 	 0.475127
12 14 	 7 6 	 1 1 	 0.472090
12 14 	 7 7 	 1 1 	 0.486782
12 14 	 7 8 	 1 1 	 0.478888
12 14 	 7 10 	 1 1 	 0.593148
12 14 	 7 11 	 1 1 	 0.595599
12 14 	 7 14 	 1 1 	 0.512122
12 29 	 7 10 	 1 1 	 0.540544
12 14 	 8 7 	 1 1 	 0.583675
12 14 	 8 8 	 1 1 	 0.523032
12 14 	 8 10 	 1 1 	 0.542886
12 14 	 8 14 	 1 1 	 0.398709
12 14 	 8 15 	 1 1 	 0.587279
12 28 	 8 9 	 1 1 	 0.596485
12 29 	 8 8 	 1 1 	 0.581263
12 29 	 8 9 	 1 1 	 0.414020
12 29 	 8 10 	 1 1 	 0.403065
12 14 	 9 8 	 1 1 	 0.571918
12 14 	 9 10 	 1 1 	 0.479422
12 14 	 9 14 	 1 1 	 0.451328
12 14 	 9 15 	 1 1 	 0.579946
12 28 	 9 9 	 1 1 	 0.361019
12 28 	 9 10 	 1 1 	 0.538193
12 29 	 9 9 	 1 1 	 0.429385
12 29 	 9 10 	 1 1 	 0.543246
12 14 	 10 14 	 1 1 	 0.548139
12 28 	 10 9 	 1 1 	 0.543578
12 29 	 10 9 	 1 1 	 0.410922
12 29 	 10 10 	 1 1 	 0.450108
12 14 	 11 1 	 1 1 	 0.411656
12 14 	 11 2 	 1 1 	 0.345973
12 14 	 11 3 	 1 1 	 0.466925
12 14 	 11 4 	 1 1 	 0.586582
12 14 	 11 5 	 1 1 	 0.537339
12 14 	 11 6 	 1 1 	 0.400372
12 14 	 11 7 	 1 1 	 0.453052
12 14 	 11 8 	 1 1 	 0.535441
12 14 	 11 11 	 1 1 	 0.541674
12 14 	 11 14 	 1 1 	 0.581192
12 14 	 12 1 	 1 1 	 0.418957
12 14 	 12 2 	 1 1 	 0.365186
12 14 	 12 3 	 1 1 	 0.424211
12 14 	 12 4 	 1 1 	 0.501364
12 14 	 12 5 	 1 1 	 0.398373
12 14 	 12 6 	 1 1 	 0.503343
12 14 	 13 2 	 1 1 	 0.529408
12 14 	 13 3 	 1 1 	 0.538298
12 14 	 13 4 	 1 1 	 0.513511
12 14 	 13 5 	 1 1 	 0.492570
12 29 	 13 10 	 1 1 	 0.560458
12 14 	 14 4 	 1 1 	 0.580731
12 14 	 14 11 	 1 1 	 0.555324
12 14 	 14 13 	 1 1 	 0.476205
12 14 	 14 14 	 1 1 	 0.477437
12 29 	 14 7 	 1 1 	 0.538997
12 29 	 14 8 	 1 1 	 0.439721
12 29 	 14 9 	 1 1 	 0.575449
12 29 	 14 10 	 1 1 	 0.436324
12 14 	 15 2 	 1 1 	 0.592209
12 14 	 15 3 	 1 1 	 0.513356
12 14 	 15 4 	 1 1 	 0.382378
12 14 	 15 5 	 1 1 	 0.465764
12 14 	 15 11 	 1 1 	 0.580477
12 14 	 15 13 	 1 1 	 0.591447
12 14 	 16 1 	 1 1 	 0.399661
12 14 	 16 2 	 1 1 	 0.409132
12 14 	 16 3 	 1 1 	 0.479697
12 14 	 16 4 	 1 1 	 0.586495
12 14 	 16 5 	 1 1 	 0.415674
12 14 	 16 6 	 1 1 	 0.589018
13 16 	 1 4 	 1 1 	 0.576547
13 16 	 2 4 	 1 1 	 0.483570
13 16 	 3 4 	 1 1 	 0.506769
13 16 	 3 5 	 1 1 	 0.571515
13 22 	 3 9 	 1 1 	 0.549922
13 22 	 3 10 	 1 1 	 0.598966
13 22 	 3 15 	 1 1 	 0.587249
13 18 	 4 14 	 1 1 	 0.578361
13 22 	 4 9 	 1 1 	 0.363964
13 22 	 4 10 	 1 1 	 0.493285
13 22 	 4 12 	 1 1 	 0.596718
13 22 	 4 13 	 1 1 	 0.441557
13 22 	 4 14 	 1 1 	 0.509550
13 22 	 4 15 	 1 1 	 0.407049
13 16 	 5 4 	 1 1 	 0.407860
13 16 	 5 5 	 1 1 	 0.409293
13 18 	 5 14 	 1 1 	 0.536799
13 20 	 5 4 	 1 1 	 0.557295
13 22 	 5 9 	 1 1 	 0.470971
13 16 	 5 3 	 1 0 	 0.508140
13 18 	 5 15 	 1 0 	 0.560418
13 16 	 6 4 	 1 1 	 0.364051
13 16 	 6 5 	 1 1 	 0.545941
13 16 	 6 3 	 1 0 	 0.570342
13 16 	 7 4 	 1 1 	 0.406626
13 16 	 7 5 	 1 1 	 0.570204
13 16 	 7 3 	 1 0 	 0.507396
13 16 	 8 4 	 1 1 	 0.533224
13 9 	 8 6 	 1 0 	 0.552035
13 9 	 8 9 	 1 0 	 0.460201
13 16 	 8 3 	 1 0 	 0.537863
13 22 	 9 14 	 1 1 	 0.536362
13 22 	 9 15 	 1 1 	 0.580376
13 24 	 9 4 	 1 1 	 0.539563
13 9 	 9 9 	 1 0 	 0.403764
13 26 	 9 3 	 1 0 	 0.582413
13 26 	 9 4 	 1 0 	 0.500389
13 26 	 9 5 	 1 0 	 0.483904
13 22 	 10 14 	 1 1 	 0.530171
13 22 	 10 15 	 1 1 	 0.519974
13 24 	 10 4 	 1 1 	 0.423137
13 24 	 10 5 	 1 1 	 0.549456
13 9 	 10 9 	 1 0 	 0.531015
13 16 	 11 4 	 1 1 	 0.469634
13 16 	 11 3 	 1 0 	 0.585451
14 21 	 1 16 	 1 1 	 0.554161
14 4 	 6 2 	 1 0 	 0.599379
14 4 	 7 2 	 1 0 	 0.592630
14 18 	 9 4 	 1 1 	 0.482760
14 18 	 9 8 	 1 1 	 0.581937
14 4 	 9 1 	 1 0 	 0.570389
14 31 	 9 2 	 1 0 	 0.582124
14 31 	 9 3 	 1 0 	 0.444298
14 28 	 10 9 	 1 1 	 0.509529
14 31 	 10 3 	 1 0 	 0.585325
14 29 	 13 5 	 1 1 	 0.501170
14 29 	 13 8 	 1 1 	 0.590721
14 28 	 14 9 	 1 1 	 0.495860
14 29 	 14 4 	 1 1 	 0.501641
14 29 	 14 5 	 1 1 	 0.471876
14 29 	 14 8 	 1 1 	 0.436284
14 29 	 14 9 	 1 1 	 0.369030
14 29 	 14 10 	 1 1 	 0.450062
14 28 	 15 9 	 1 1 	 0.513437
14 29 	 15 4 	 1 1 	 0.472878
14 29 	 15 5 	 1 1 	 0.459563
14 29 	 15 8 	 1 1 	 0.599283
14 29 	 15 9 	 1 1 	 0.550527
15 32 	 1 4 	 1 1 	 0.560498
15 5 	 1 11 	 1 0 	 0.576706
15 5 	 1 12 	 1 0 	 0.459829
15 5 	 1 13 	 1 0 	 0.522567
15 5 	 1 16 	 1 0 	 0.353876
15 29 	 1 3 	 1 0 	 0.584768
15 29 	 1 4 	 1 0 	 0.590705
15 29 	 1 5 	 1 0 	 0.519344
15 32 	 2 4 	 1 1 	 0.551621
15 5 	 2 11 	 1 0 	 0.574030
15 5 	 2 12 	 1 0 	 0.523811
15 5 	 2 13 	 1 0 	 0.559102
15 5 	 2 16 	 1 0 	 0.450950
15 29 	 2 3 	 1 0 	 0.527037
15 29 	 2 4 	 1 0 	 0.557937
15 29 	 2 5 	 1 0 	 0.524803
15 32 	 3 3 	 1 1 	 0.572059
15 32 	 3 4 	 1 1 	 0.416185
15 29 	 3 2 	 1 0 	 0.573253
15 29 	 3 3 	 1 0 	 0.439839
15 29 	 3 4 	 1 0 	 0.578844
15 29 	 3 5 	 1 0 	 0.531867
15 32 	 4 3 	 1 0 	 0.548499
15 32 	 4 4 	 1 0 	 0.537175
15 28 	 5 3 	 1 0 	 0.552543
15 28 	 5 4 	 1 0 	 0.579190
15 29 	 5 1 	 1 0 	 0.554734
15 32 	 5 4 	 1 0 	 0.564620
15 29 	 5 2 	 1 0 	 0.541776
15 29 	 5 3 	 1 0 	 0.433306
15 29 	 5 4 	 1 0 	 0.588413
15 29 	 6 3 	 1 1 	 0.570939
15 29 	 6 4 	 1 1 	 0.520512
15 29 	 6 5 	 1 1 	 0.564717
15 28 	 6 4 	 1 0 	 0.453283
15 5 	 6 7 	 1 0 	 0.593868
15 28 	 7 4 	 1 1 	 0.427886
15 5 	 7 11 	 1 0 	 0.390424
15 5 	 7 12 	 1 0 	 0.522188
15 5 	 7 13 	 1 0 	 0.567113
15 5 	 7 16 	 1 0 	 0.532088
15 5 	 7 7 	 1 0 	 0.565397
15 28 	 8 4 	 1 1 	 0.508007
15 30 	 8 15 	 1 1 	 0.586997
15 8 	 9 14 	 1 0 	 0.504856
15 8 	 9 15 	 1 0 	 0.517533
15 8 	 10 14 	 1 0 	 0.450850
15 8 	 10 15 	 1 0 	 0.411069
15 28 	 11 4 	 1 1 	 0.597679
15 5 	 11 11 	 1 0 	 0.388574
15 5 	 11 12 	 1 0 	 0.531317
15 5 	 11 16 	 1 0 	 0.513742
15 5 	 11 6 	 1 0 	 0.568144
15 5 	 11 7 	 1 0 	 0.500761
15 5 	 12 6 	 1 0 	 0.523324
15 5 	 12 7 	 1 0 	 0.495879
15 8 	 12 10 	 1 0 	 0.492699
15 5 	 12 11 	 1 0 	 0.457358
15 5 	 13 2 	 1 0 	 0.484081
15 5 	 13 3 	 1 0 	 0.548847
15 5 	 13 6 	 1 0 	 0.382484
15 5 	 13 7 	 1 0 	 0.423920
15 8 	 13 10 	 1 0 	 0.588722
15 5 	 13 8 	 1 0 	 0.597614
15 5 	 13 11 	 1 0 	 0.485713
15 22 	 14 7 	 1 1 	 0.483139
15 22 	 14 8 	 1 1 	 0.542184
15 22 	 14 11 	 1 1 	 0.478341
15 5 	 14 2 	 1 0 	 0.547076
15 5 	 14 3 	 1 0 	 0.576325
15 5 	 14 6 	 1 0 	 0.482412
15 5 	 14 7 	 1 0 	 0.596243
15 22 	 15 7 	 1 1 	 0.546916
15 22 	 15 8 	 1 1 	 0.499444
15 22 	 15 11 	 1 1 	 0.532007
15 5 	 15 1 	 1 0 	 0.591584
15 5 	 15 2 	 1 0 	 0.528690
15 5 	 15 6 	 1 0 	 0.390729
15 5 	 15 7 	 1 0 	 0.437750
15 5 	 15 10 	 1 0 	 0.482328
15 31 	 15 10 	 1 0 	 0.523907
15 5 	 15 8 	 1 0 	 0.540081
15 5 	 15 11 	 1 0 	 0.563320
15 8 	 16 7 	 1 0 	 0.508780
15 8 	 16 8 	 1 0 	 0.562806
15 8 	 16 10 	 1 0 	 0.475946
15 8 	 16 11 	 1 0 	 0.599269
15 8 	 16 15 	 1 0 	 0.557533
16 18 	 1 15 	 1 1 	 0.548202
16 18 	 1 16 	 1 1 	 0.310758
16 18 	 1 12 	 1 0 	 0.505909
16 18 	 2 15 	 1 1 	 0.517268
16 18 	 2 16 	 1 1 	 0.385862
16 18 	 2 12 	 1 0 	 0.575674
16 18 	 3 15 	 1 1 	 0.438937
16 18 	 3 16 	 1 1 	 0.435826
16 13 	 3 5 	 1 0 	 0.508140
16 13 	 3 6 	 1 0 	 0.570342
16 13 	 3 7 	 1 0 	 0.507396
16 13 	 3 8 	 1 0 	 0.537863
16 13 	 3 11 	 1 0 	 0.585451
16 18 	 3 14 	 1 0 	 0.592935
16 18 	 5 14 	 1 1 	 0.474256
16 20 	 5 4 	 1 1 	 0.451364
16 20 	 5 5 	 1 0 	 0.424382
16 18 	 5 13 	 1 0 	 0.531815
16 18 	 5 15 	 1 0 	 0.406764
16 18 	 5 16 	 1 0 	 0.430105
16 18 	 5 12 	 1 0 	 0.542943
16 18 	 6 15 	 1 1 	 0.581997
16 18 	 6 16 	 1 1 	 0.445005
16 18 	 7 16 	 1 1 	 0.485418
16 28 	 7 13 	 1 1 	 0.593900
16 28 	 7 14 	 1 1 	 0.485162
16 30 	 7 4 	 1 1 	 0.525542
16 30 	 7 9 	 1 1 	 0.542485
16 2 	 7 7 	 1 0 	 0.579969
16 2 	 7 8 	 1 0 	 0.540754
16 2 	 7 10 	 1 0 	 0.595547
16 18 	 8 15 	 1 1 	 0.516757
16 18 	 8 16 	 1 1 	 0.537590
16 28 	 8 13 	 1 1 	 0.509444
16 28 	 8 14 	 1 1 	 0.403529
16 28 	 8 15 	 1 1 	 0.541961
16 30 	 8 4 	 1 1 	 0.518619
16 30 	 8 9 	 1 1 	 0.372980
16 30 	 8 10 	 1 1 	 0.571659
16 18 	 9 13 	 1 1 	 0.496364
16 18 	 9 15 	 1 1 	 0.348734
16 18 	 9 16 	 1 1 	 0.569843
16 26 	 9 4 	 1 1 	 0.593017
16 28 	 9 13 	 1 1 	 0.576226
16 28 	 9 14 	 1 1 	 0.414513
16 28 	 9 15 	 1 1 	 0.483796
16 30 	 9 9 	 1 1 	 0.408760
16 30 	 9 10 	 1 1 	 0.507554
16 8 	 9 4 	 1 0 	 0.483643
16 18 	 9 14 	 1 0 	 0.526007
16 18 	 10 15 	 1 1 	 0.494071
16 26 	 10 4 	 1 1 	 0.547491
16 26 	 10 9 	 1 1 	 0.566035
16 28 	 10 14 	 1 1 	 0.543564
16 30 	 10 8 	 1 1 	 0.598713
16 30 	 10 9 	 1 1 	 0.364604
16 30 	 10 10 	 1 1 	 0.506251
16 30 	 11 4 	 1 1 	 0.494818
16 2 	 11 3 	 1 0 	 0.566628
16 2 	 11 6 	 1 0 	 0.576895
16 2 	 11 7 	 1 0 	 0.520052
16 2 	 11 8 	 1 0 	 0.521814
16 2 	 11 10 	 1 0 	 0.537796
16 2 	 11 11 	 1 0 	 0.581116
16 2 	 12 1 	 1 0 	 0.478817
16 2 	 12 2 	 1 0 	 0.486147
16 2 	 12 3 	 1 0 	 0.484971
16 2 	 12 6 	 1 0 	 0.504334
16 2 	 12 7 	 1 0 	 0.496455
16 2 	 12 8 	 1 0 	 0.578819
16 2 	 12 11 	 1 0 	 0.537216
16 2 	 13 1 	 1 0 	 0.548988
16 2 	 13 2 	 1 0 	 0.557340
16 2 	 13 3 	 1 0 	 0.510586
16 25 	 14 9 	 1 1 	 0.532005
16 25 	 14 14 	 1 1 	 0.550369
16 25 	 14 15 	 1 1 	 0.545256
16 27 	 14 14 	 1 1 	 0.492758
16 32 	 14 15 	 1 1 	 0.470419
16 2 	 14 1 	 1 0 	 0.564488
16 2 	 14 2 	 1 0 	 0.560813
16 2 	 14 3 	 1 0 	 0.488044
16 27 	 14 15 	 1 0 	 0.526038
16 32 	 14 13 	 1 0 	 0.557469
16 32 	 15 15 	 1 1 	 0.513697
16 2 	 15 1 	 1 0 	 0.443428
16 2 	 15 2 	 1 0 	 0.495239
16 2 	 15 3 	 1 0 	 0.511434
16 32 	 15 12 	 1 0 	 0.590384
16 32 	 15 13 	 1 0 	 0.499536
16 2 	 16 5 	 1 0 	 0.587864
17 27 	 1 11 	 1 1 	 0.547772
17 27 	 1 12 	 1 1 	 0.430436
17 27 	 1 13 	 1 1 	 0.507381
17 27 	 1 15 	 1 1 	 0.569503
17 27 	 1 16 	 1 1 	 0.379351
17 2 	 1 4 	 1 0 	 0.552061
17 19 	 1 8 	 1 0 	 0.563513
17 19 	 1 9 	 1 0 	 0.508743
17 19 	 1 10 	 1 0 	 0.551992
17 27 	 2 11 	 1 1 	 0.573538
17 27 	 2 12 	 1 1 	 0.505667
17 27 	 2 13 	 1 1 	 0.560160
17 27 	 2 16 	 1 1 	 0.503058
17 19 	 2 8 	 1 0 	 0.508034
17 19 	 2 9 	 1 0 	 0.532991
17 19 	 2 10 	 1 0 	 0.557777
17 27 	 3 8 	 1 1 	 0.560284
17 27 	 3 12 	 1 1 	 0.589829
17 27 	 3 13 	 1 1 	 0.567720
17 19 	 3 4 	 1 0 	 0.516748
17 19 	 3 5 	 1 0 	 0.487072
17 19 	 3 7 	 1 0 	 0.562095
17 19 	 3 8 	 1 0 	 0.375190
17 19 	 3 9 	 1 0 	 0.496395
17 19 	 3 10 	 1 0 	 0.529251
17 19 	 3 15 	 1 0 	 0.515337
17 27 	 4 8 	 1 1 	 0.576130
17 27 	 4 9 	 1 1 	 0.599174
17 11 	 4 8 	 1 0 	 0.526014
17 11 	 4 10 	 1 0 	 0.423701
17 11 	 4 15 	 1 0 	 0.449243
17 19 	 4 5 	 1 0 	 0.502353
17 19 	 4 8 	 1 0 	 0.536974
17 19 	 4 15 	 1 0 	 0.462415
17 27 	 5 7 	 1 1 	 0.532990
17 27 	 5 8 	 1 1 	 0.367744
17 27 	 5 9 	 1 1 	 0.447398
17 27 	 5 10 	 1 1 	 0.517708
17 27 	 5 11 	 1 1 	 0.530273
17 27 	 5 12 	 1 1 	 0.595233
17 27 	 5 13 	 1 1 	 0.587464
17 11 	 5 15 	 1 0 	 0.485262
17 19 	 5 4 	 1 0 	 0.522958
17 19 	 5 5 	 1 0 	 0.458468
17 19 	 5 8 	 1 0 	 0.558737
17 27 	 6 2 	 1 1 	 0.567793
17 27 	 6 6 	 1 1 	 0.539026
17 27 	 6 7 	 1 1 	 0.512781
17 27 	 6 8 	 1 1 	 0.519952
17 27 	 6 11 	 1 1 	 0.518487
17 27 	 6 12 	 1 1 	 0.511805
17 27 	 6 16 	 1 1 	 0.525365
17 27 	 7 2 	 1 1 	 0.589230
17 27 	 7 7 	 1 1 	 0.591609
17 27 	 7 8 	 1 1 	 0.585106
17 27 	 8 4 	 1 1 	 0.493086
17 27 	 8 5 	 1 1 	 0.563425
17 27 	 8 7 	 1 1 	 0.581661
17 27 	 8 8 	 1 1 	 0.528644
17 27 	 9 4 	 1 1 	 0.430266
17 27 	 9 5 	 1 1 	 0.581704
17 20 	 10 14 	 1 1 	 0.526699
17 27 	 11 1 	 1 1 	 0.486581
17 27 	 11 2 	 1 1 	 0.403646
17 27 	 11 3 	 1 1 	 0.461240
17 27 	 11 4 	 1 1 	 0.499381
17 27 	 11 5 	 1 1 	 0.537999
17 27 	 11 6 	 1 1 	 0.464166
17 27 	 11 7 	 1 1 	 0.504580
17 27 	 11 8 	 1 1 	 0.576079
17 27 	 11 11 	 1 1 	 0.597021
17 27 	 12 1 	 1 1 	 0.414056
17 27 	 12 2 	 1 1 	 0.380448
17 27 	 12 3 	 1 1 	 0.429522
17 27 	 12 4 	 1 1 	 0.527138
17 27 	 12 5 	 1 1 	 0.591025
17 27 	 12 6 	 1 1 	 0.518726
17 27 	 13 1 	 1 1 	 0.599758
17 27 	 13 2 	 1 1 	 0.547952
17 27 	 13 3 	 1 1 	 0.493101
17 27 	 13 4 	 1 1 	 0.487266
17 27 	 14 3 	 1 1 	 0.599187
17 27 	 14 4 	 1 1 	 0.449255
17 27 	 15 4 	 1 1 	 0.516505
17 27 	 16 1 	 1 1 	 0.350977
17 27 	 16 2 	 1 1 	 0.396020
17 27 	 16 3 	 1 1 	 0.516575
17 27 	 16 6 	 1 1 	 0.537641
18 31 	 4 1 	 1 0 	 0.584301
18 31 	 4 3 	 1 0 	 0.578476
18 31 	 7 5 	 1 0 	 0.497194
18 31 	 8 3 	 1 0 	 0.474623
18 31 	 8 4 	 1 0 	 0.432422
18 31 	 8 5 	 1 0 	 0.407775
18 28 	 9 8 	 1 1 	 0.599854
18 28 	 9 9 	 1 1 	 0.469305
18 28 	 9 10 	 1 1 	 0.429986
18 5 	 9 9 	 1 0 	 0.422761
18 28 	 9 14 	 1 0 	 0.438788
18 28 	 9 15 	 1 0 	 0.547974
18 5 	 9 10 	 1 0 	 0.591192
18 31 	 9 3 	 1 0 	 0.565881
18 31 	 9 4 	 1 0 	 0.399469
18 31 	 9 5 	 1 0 	 0.509481
18 28 	 10 9 	 1 1 	 0.522929
18 28 	 10 10 	 1 1 	 0.450424
18 28 	 10 14 	 1 0 	 0.426116
18 28 	 10 15 	 1 0 	 0.595947
18 31 	 10 4 	 1 0 	 0.570514
18 20 	 11 3 	 1 0 	 0.577413
18 20 	 11 5 	 1 0 	 0.472266
18 31 	 11 4 	 1 0 	 0.527552
18 31 	 11 5 	 1 0 	 0.413172
18 5 	 12 9 	 1 0 	 0.599859
18 16 	 12 1 	 1 0 	 0.505909
18 16 	 12 2 	 1 0 	 0.575674
18 20 	 12 3 	 1 0 	 0.556576
18 20 	 12 5 	 1 0 	 0.383656
18 31 	 12 4 	 1 0 	 0.550445
18 31 	 12 5 	 1 0 	 0.490480
18 16 	 12 5 	 1 0 	 0.542943
18 20 	 12 4 	 1 0 	 0.569559
18 28 	 13 14 	 1 1 	 0.584487
18 16 	 13 5 	 1 0 	 0.531815
18 20 	 13 4 	 1 0 	 0.491415
18 5 	 13 10 	 1 0 	 0.493277
18 20 	 13 3 	 1 0 	 0.546373
18 20 	 13 5 	 1 0 	 0.383128
18 31 	 13 4 	 1 0 	 0.480384
18 31 	 13 5 	 1 0 	 0.492847
18 31 	 13 9 	 1 0 	 0.532635
18 20 	 14 4 	 1 1 	 0.365815
18 22 	 14 9 	 1 1 	 0.413714
18 22 	 14 10 	 1 1 	 0.590821
18 5 	 14 10 	 1 0 	 0.466688
18 20 	 14 3 	 1 0 	 0.547152
18 20 	 14 5 	 1 0 	 0.403674
18 31 	 14 9 	 1 0 	 0.436548
18 5 	 14 9 	 1 0 	 0.482587
18 16 	 14 3 	 1 0 	 0.592935
18 16 	 14 9 	 1 0 	 0.526007
18 8 	 15 4 	 1 0 	 0.464636
18 13 	 15 5 	 1 0 	 0.560418
18 16 	 15 5 	 1 0 	 0.406764
18 20 	 15 4 	 1 0 	 0.507793
18 22 	 15 9 	 1 0 	 0.599882
18 5 	 15 10 	 1 0 	 0.599736
18 20 	 15 5 	 1 0 	 0.469327
18 16 	 16 5 	 1 0 	 0.430105
18 20 	 16 5 	 1 0 	 0.438248
19 25 	 1 7 	 1 1 	 0.532669
19 25 	 1 11 	 1 1 	 0.390642
19 25 	 1 12 	 1 1 	 0.430785
19 25 	 1 13 	 1 1 	 0.552819
19 25 	 1 16 	 1 1 	 0.311175
19 25 	 2 7 	 1 1 	 0.562403
19 25 	 2 10 	 1 1 	 0.584702
19 25 	 2 11 	 1 1 	 0.393113
19 25 	 2 12 	 1 1 	 0.414523
19 25 	 2 13 	 1 1 	 0.471684
19 25 	 2 16 	 1 1 	 0.354724
19 25 	 3 7 	 1 1 	 0.587028
19 25 	 3 8 	 1 1 	 0.571193
19 25 	 3 10 	 1 1 	 0.440632
19 25 	 3 11 	 1 1 	 0.445301
19 25 	 3 12 	 1 1 	 0.517384
19 25 	 3 13 	 1 1 	 0.505105
19 25 	 3 15 	 1 1 	 0.548680
19 25 	 3 16 	 1 1 	 0.532184
19 25 	 4 9 	 1 1 	 0.584276
19 25 	 4 10 	 1 1 	 0.473416
19 25 	 4 13 	 1 1 	 0.567067
19 25 	 4 15 	 1 1 	 0.520467
19 27 	 4 14 	 1 1 	 0.440956
19 17 	 4 3 	 1 0 	 0.516748
19 17 	 4 5 	 1 0 	 0.522958
19 27 	 4 9 	 1 0 	 0.545520
19 27 	 4 11 	 1 0 	 0.590254
19 27 	 4 12 	 1 0 	 0.564298
19 27 	 4 13 	 1 0 	 0.364711
19 27 	 4 15 	 1 0 	 0.473598
19 25 	 5 10 	 1 1 	 0.599962
19 11 	 5 14 	 1 0 	 0.535052
19 17 	 5 3 	 1 0 	 0.487072
19 17 	 5 4 	 1 0 	 0.502353
19 17 	 5 5 	 1 0 	 0.458468
19 27 	 5 9 	 1 0 	 0.503495
19 27 	 5 13 	 1 0 	 0.557850
19 25 	 6 11 	 1 1 	 0.568552
19 25 	 6 12 	 1 1 	 0.531682
19 25 	 6 13 	 1 1 	 0.553791
19 25 	 6 16 	 1 1 	 0.450815
19 25 	 7 12 	 1 1 	 0.575226
19 25 	 7 13 	 1 1 	 0.554023
19 25 	 7 16 	 1 1 	 0.510675
19 17 	 7 3 	 1 0 	 0.562095
19 25 	 8 12 	 1 1 	 0.597737
19 25 	 8 13 	 1 1 	 0.489322
19 17 	 8 1 	 1 0 	 0.563513
19 17 	 8 2 	 1 0 	 0.508034
19 17 	 8 3 	 1 0 	 0.375190
19 17 	 8 4 	 1 0 	 0.536974
19 17 	 8 5 	 1 0 	 0.558737
19 25 	 9 12 	 1 1 	 0.545621
19 25 	 9 13 	 1 1 	 0.353968
19 25 	 9 14 	 1 1 	 0.402323
19 25 	 9 15 	 1 1 	 0.382060
19 27 	 9 14 	 1 1 	 0.512459
19 17 	 9 1 	 1 0 	 0.508743
19 17 	 9 2 	 1 0 	 0.532991
19 17 	 9 3 	 1 0 	 0.496395
19 27 	 9 12 	 1 0 	 0.598966
19 27 	 9 13 	 1 0 	 0.448952
19 27 	 9 15 	 1 0 	 0.384384
19 25 	 10 12 	 1 1 	 0.553828
19 25 	 10 13 	 1 1 	 0.394454
19 25 	 10 14 	 1 1 	 0.472164
19 25 	 10 15 	 1 1 	 0.521491
19 30 	 10 3 	 1 1 	 0.569156
19 17 	 10 1 	 1 0 	 0.551992
19 17 	 10 2 	 1 0 	 0.557777
19 17 	 10 3 	 1 0 	 0.529251
19 27 	 10 15 	 1 0 	 0.582714
19 22 	 12 4 	 1 1 	 0.544122
19 22 	 13 4 	 1 1 	 0.345562
19 22 	 13 5 	 1 1 	 0.532687
19 3 	 13 13 	 1 0 	 0.585599
19 22 	 14 4 	 1 1 	 0.394561
19 22 	 14 5 	 1 1 	 0.467598
19 3 	 14 12 	 1 0 	 0.538469
19 3 	 14 13 	 1 0 	 0.505449
19 3 	 14 16 	 1 0 	 0.484465
19 22 	 15 4 	 1 1 	 0.430546
19 22 	 15 5 	 1 1 	 0.560346
19 3 	 15 12 	 1 0 	 0.467511
19 3 	 15 13 	 1 0 	 0.435051
19 3 	 15 15 	 1 0 	 0.577590
19 3 	 15 16 	 1 0 	 0.455207
19 11 	 15 9 	 1 0 	 0.587832
19 17 	 15 3 	 1 0 	 0.515337
19 17 	 15 4 	 1 0 	 0.462415
20 31 	 1 5 	 1 1 	 0.569473
20 31 	 2 5 	 1 1 	 0.575021
20 6 	 2 14 	 1 0 	 0.528769
20 6 	 2 15 	 1 0 	 0.535494
20 31 	 3 5 	 1 1 	 0.494943
20 31 	 3 8 	 1 1 	 0.549258
20 31 	 3 9 	 1 1 	 0.395693
20 31 	 3 10 	 1 1 	 0.582897
20 6 	 3 14 	 1 0 	 0.553353
20 6 	 3 15 	 1 0 	 0.585674
20 18 	 3 14 	 1 0 	 0.547152
20 18 	 3 11 	 1 0 	 0.577413
20 18 	 3 12 	 1 0 	 0.556576
20 18 	 3 13 	 1 0 	 0.546373
20 22 	 4 9 	 1 1 	 0.438160
20 22 	 4 10 	 1 1 	 0.480513
20 31 	 4 9 	 1 0 	 0.398458
20 31 	 4 10 	 1 0 	 0.598332
20 18 	 4 13 	 1 0 	 0.491415
20 18 	 4 15 	 1 0 	 0.507793
20 18 	 4 12 	 1 0 	 0.569559
20 31 	 5 5 	 1 1 	 0.545408
20 31 	 5 9 	 1 1 	 0.478098
20 6 	 5 14 	 1 0 	 0.506570
20 16 	 5 5 	 1 0 	 0.424382
20 18 	 5 14 	 1 0 	 0.403674
20 18 	 5 11 	 1 0 	 0.472266
20 18 	 5 12 	 1 0 	 0.383656
20 18 	 5 13 	 1 0 	 0.383128
20 18 	 5 15 	 1 0 	 0.469327
20 18 	 5 16 	 1 0 	 0.438248
20 6 	 6 14 	 1 0 	 0.503410
20 6 	 6 15 	 1 0 	 0.426145
20 31 	 7 7 	 1 1 	 0.572364
20 31 	 7 8 	 1 1 	 0.579274
20 31 	 7 9 	 1 1 	 0.545766
20 31 	 7 11 	 1 1 	 0.454575
20 31 	 7 12 	 1 1 	 0.558150
20 31 	 7 13 	 1 1 	 0.592812
20 31 	 8 7 	 1 1 	 0.594590
20 31 	 8 8 	 1 1 	 0.581538
20 31 	 8 9 	 1 1 	 0.522866
20 31 	 8 10 	 1 1 	 0.538164
20 31 	 8 11 	 1 1 	 0.424097
20 31 	 8 12 	 1 1 	 0.441075
20 31 	 8 13 	 1 1 	 0.406534
20 31 	 8 14 	 1 1 	 0.553450
20 22 	 9 2 	 1 1 	 0.552638
20 22 	 9 3 	 1 1 	 0.439879
20 22 	 9 5 	 1 1 	 0.556918
20 22 	 9 6 	 1 1 	 0.584932
20 22 	 9 7 	 1 1 	 0.596747
20 22 	 9 8 	 1 1 	 0.496604
20 22 	 9 9 	 1 1 	 0.565677
20 22 	 9 10 	 1 1 	 0.393987
20 3 	 9 14 	 1 0 	 0.589527
20 11 	 9 9 	 1 0 	 0.590119
20 31 	 9 9 	 1 0 	 0.487469
20 31 	 9 10 	 1 0 	 0.501560
20 31 	 9 11 	 1 0 	 0.579984
20 31 	 9 12 	 1 0 	 0.547452
20 31 	 9 13 	 1 0 	 0.415462
20 31 	 9 14 	 1 0 	 0.511136
20 31 	 9 15 	 1 0 	 0.538629
20 31 	 10 13 	 1 1 	 0.522638
20 31 	 10 14 	 1 1 	 0.558681
20 6 	 10 15 	 1 0 	 0.566808
20 11 	 10 4 	 1 0 	 0.574466
20 11 	 10 5 	 1 0 	 0.424651
20 11 	 10 10 	 1 0 	 0.593812
20 22 	 10 3 	 1 0 	 0.500993
20 22 	 10 4 	 1 0 	 0.551272
20 22 	 10 5 	 1 0 	 0.545780
20 22 	 10 10 	 1 0 	 0.582267
20 31 	 11 1 	 1 1 	 0.577089
20 31 	 11 2 	 1 1 	 0.546724
20 31 	 11 6 	 1 1 	 0.584011
20 31 	 11 7 	 1 1 	 0.556563
20 31 	 11 11 	 1 1 	 0.473440
20 31 	 12 1 	 1 1 	 0.485570
20 31 	 12 2 	 1 1 	 0.504291
20 31 	 12 6 	 1 1 	 0.536331
20 31 	 12 7 	 1 1 	 0.531121
20 31 	 12 11 	 1 1 	 0.469098
20 31 	 12 12 	 1 1 	 0.593491
20 31 	 13 11 	 1 1 	 0.544151
20 31 	 13 12 	 1 1 	 0.590150
20 31 	 15 11 	 1 1 	 0.515481
20 31 	 15 12 	 1 1 	 0.476357
20 31 	 15 13 	 1 1 	 0.513884
20 31 	 15 14 	 1 1 	 0.579289
20 31 	 15 16 	 1 1 	 0.544850
20 31 	 16 1 	 1 1 	 0.299713
20 31 	 16 2 	 1 1 	 0.353399
20 31 	 16 3 	 1 1 	 0.588232
20 31 	 16 6 	 1 1 	 0.431000
20 31 	 16 7 	 1 1 	 0.501097
20 31 	 16 11 	 1 1 	 0.516942
21 23 	 1 10 	 1 1 	 0.579477
21 23 	 2 9 	 1 1 	 0.507142
21 23 	 2 10 	 1 1 	 0.535396
21 23 	 3 8 	 1 1 	 0.401324
21 23 	 3 9 	 1 1 	 0.416132
21 23 	 3 10 	 1 1 	 0.407149
21 26 	 3 11 	 1 1 	 0.582651
21 23 	 4 7 	 1 1 	 0.523654
21 23 	 4 8 	 1 1 	 0.399441
21 23 	 4 9 	 1 1 	 0.566118
21 23 	 4 10 	 1 1 	 0.536470
21 23 	 4 11 	 1 1 	 0.589652
21 26 	 4 6 	 1 1 	 0.514015
21 26 	 4 7 	 1 1 	 0.485652
21 26 	 4 8 	 1 1 	 0.596271
21 26 	 4 10 	 1 1 	 0.487355
21 26 	 4 11 	 1 1 	 0.507202
21 23 	 5 7 	 1 1 	 0.572878
21 23 	 5 8 	 1 1 	 0.394216
21 23 	 5 9 	 1 1 	 0.456593
21 23 	 5 10 	 1 1 	 0.515732
21 23 	 5 11 	 1 1 	 0.579970
21 24 	 8 7 	 1 0 	 0.488476
21 24 	 8 8 	 1 0 	 0.518441
21 24 	 8 11 	 1 0 	 0.514681
21 26 	 9 1 	 1 1 	 0.570667
21 24 	 9 6 	 1 0 	 0.462788
21 24 	 9 7 	 1 0 	 0.392879
21 24 	 9 8 	 1 0 	 0.501201
21 24 	 9 11 	 1 0 	 0.520465
21 24 	 10 7 	 1 0 	 0.499444
21 24 	 10 11 	 1 0 	 0.554967
21 23 	 14 9 	 1 1 	 0.475895
22 31 	 1 15 	 1 0 	 0.583029
22 31 	 2 13 	 1 0 	 0.580089
22 31 	 2 14 	 1 0 	 0.465749
22 31 	 2 15 	 1 0 	 0.430019
22 20 	 3 10 	 1 0 	 0.500993
22 31 	 3 13 	 1 0 	 0.598451
22 31 	 3 14 	 1 0 	 0.470836
22 31 	 3 15 	 1 0 	 0.530981
22 3 	 4 13 	 1 0 	 0.474171
22 3 	 4 14 	 1 0 	 0.571459
22 11 	 4 9 	 1 0 	 0.479581
22 20 	 4 10 	 1 0 	 0.551272
22 31 	 4 14 	 1 0 	 0.587807
22 3 	 5 13 	 1 0 	 0.476904
22 3 	 5 14 	 1 0 	 0.552559
22 11 	 5 9 	 1 0 	 0.588950
22 20 	 5 10 	 1 0 	 0.545780
22 31 	 5 14 	 1 0 	 0.384727
22 31 	 5 15 	 1 0 	 0.530504
22 31 	 6 13 	 1 0 	 0.563566
22 31 	 6 14 	 1 0 	 0.532135
22 31 	 6 15 	 1 0 	 0.409619
22 31 	 7 10 	 1 0 	 0.562101
22 31 	 7 15 	 1 0 	 0.506236
22 31 	 8 9 	 1 0 	 0.464841
22 31 	 8 10 	 1 0 	 0.425018
22 31 	 9 9 	 1 0 	 0.488050
22 31 	 9 10 	 1 0 	 0.572133
22 18 	 9 15 	 1 0 	 0.599882
22 20 	 10 10 	 1 0 	 0.582267
22 31 	 10 9 	 1 0 	 0.512356
22 31 	 10 10 	 1 0 	 0.549928
22 24 	 14 3 	 1 1 	 0.493932
22 24 	 14 4 	 1 1 	 0.462052
22 24 	 14 5 	 1 1 	 0.501164
22 26 	 14 3 	 1 0 	 0.580147
22 26 	 14 5 	 1 0 	 0.511974
22 24 	 15 3 	 1 1 	 0.587821
22 24 	 15 4 	 1 1 	 0.533228
22 24 	 15 5 	 1 1 	 0.505764
23 30 	 1 6 	 1 1 	 0.557408
23 30 	 1 7 	 1 1 	 0.495718
23 30 	 1 11 	 1 1 	 0.507769
23 30 	 1 12 	 1 1 	 0.454004
23 30 	 1 16 	 1 1 	 0.376448
23 30 	 2 7 	 1 1 	 0.537052
23 30 	 2 11 	 1 1 	 0.560566
23 30 	 2 12 	 1 1 	 0.506333
23 30 	 2 16 	 1 1 	 0.462495
23 26 	 3 14 	 1 1 	 0.516259
23 26 	 3 15 	 1 1 	 0.463060
23 30 	 3 12 	 1 1 	 0.587971
23 30 	 3 16 	 1 1 	 0.536890
23 26 	 4 11 	 1 1 	 0.519408
23 26 	 4 12 	 1 1 	 0.532479
23 26 	 4 13 	 1 1 	 0.561646
23 26 	 4 14 	 1 1 	 0.551823
23 26 	 4 15 	 1 1 	 0.392554
23 26 	 5 7 	 1 1 	 0.490325
23 26 	 5 8 	 1 1 	 0.525736
23 26 	 5 10 	 1 1 	 0.535785
23 26 	 5 11 	 1 1 	 0.414016
23 26 	 5 12 	 1 1 	 0.485903
23 26 	 5 13 	 1 1 	 0.473107
23 26 	 5 14 	 1 1 	 0.416755
23 26 	 5 15 	 1 1 	 0.340146
23 26 	 6 10 	 1 1 	 0.480517
23 30 	 6 6 	 1 1 	 0.537007
23 30 	 6 7 	 1 1 	 0.419115
23 30 	 6 8 	 1 1 	 0.545188
23 30 	 6 11 	 1 1 	 0.482628
23 30 	 6 12 	 1 1 	 0.490784
23 30 	 6 13 	 1 1 	 0.554217
23 30 	 6 16 	 1 1 	 0.524883
23 26 	 7 8 	 1 1 	 0.589044
23 26 	 7 9 	 1 1 	 0.598790
23 26 	 7 10 	 1 1 	 0.403481
23 30 	 7 7 	 1 1 	 0.515252
23 30 	 7 8 	 1 1 	 0.553294
23 26 	 8 10 	 1 1 	 0.522163
23 26 	 11 10 	 1 1 	 0.518082
23 30 	 11 6 	 1 1 	 0.591545
23 30 	 11 7 	 1 1 	 0.538127
23 30 	 11 8 	 1 1 	 0.548560
23 30 	 12 5 	 1 1 	 0.584028
23 30 	 12 6 	 1 1 	 0.554087
23 30 	 12 7 	 1 1 	 0.576954
23 30 	 13 3 	 1 1 	 0.549444
23 30 	 13 4 	 1 1 	 0.581233
23 30 	 13 5 	 1 1 	 0.380383
23 30 	 13 6 	 1 1 	 0.504593
23 30 	 13 7 	 1 1 	 0.574291
23 30 	 13 8 	 1 1 	 0.551689
23 25 	 14 12 	 1 1 	 0.538465
23 25 	 14 13 	 1 1 	 0.556423
23 25 	 14 14 	 1 1 	 0.552772
23 30 	 14 4 	 1 1 	 0.596816
23 30 	 14 5 	 1 1 	 0.407909
23 25 	 15 12 	 1 1 	 0.519361
23 25 	 15 13 	 1 1 	 0.534068
23 25 	 15 14 	 1 1 	 0.584204
23 25 	 15 16 	 1 1 	 0.577562
23 30 	 15 3 	 1 1 	 0.525162
23 30 	 15 5 	 1 1 	 0.396929
23 30 	 15 6 	 1 1 	 0.573836
24 9 	 3 5 	 1 0 	 0.568139
24 9 	 4 5 	 1 0 	 0.456080
24 26 	 4 3 	 1 0 	 0.593548
24 9 	 6 5 	 1 0 	 0.558750
24 21 	 6 9 	 1 0 	 0.462788
24 9 	 7 3 	 1 0 	 0.571923
24 9 	 7 5 	 1 0 	 0.542630
24 21 	 7 8 	 1 0 	 0.488476
24 21 	 7 9 	 1 0 	 0.392879
24 21 	 7 10 	 1 0 	 0.499444
24 9 	 8 1 	 1 0 	 0.595913
24 9 	 8 2 	 1 0 	 0.563233
24 9 	 8 3 	 1 0 	 0.443066
24 9 	 8 4 	 1 0 	 0.598509
24 9 	 8 5 	 1 0 	 0.489734
24 21 	 8 8 	 1 0 	 0.518441
24 21 	 8 9 	 1 0 	 0.501201
24 9 	 9 1 	 1 0 	 0.595446
24 9 	 10 3 	 1 0 	 0.570695
24 9 	 10 5 	 1 0 	 0.585787
24 21 	 11 8 	 1 0 	 0.514681
24 21 	 11 9 	 1 0 	 0.520465
24 21 	 11 10 	 1 0 	 0.554967
24 31 	 14 1 	 1 1 	 0.553178
25 27 	 9 14 	 1 1 	 0.411335
25 32 	 9 15 	 1 1 	 0.578184
25 27 	 9 15 	 1 0 	 0.557634
25 27 	 10 14 	 1 1 	 0.480370
25 27 	 13 15 	 1 0 	 0.577858
25 27 	 14 14 	 1 1 	 0.549663
25 30 	 14 3 	 1 1 	 0.548147
25 30 	 14 4 	 1 1 	 0.541164
25 30 	 14 5 	 1 1 	 0.495036
25 2 	 14 3 	 1 0 	 0.559096
25 27 	 14 15 	 1 0 	 0.456972
25 27 	 15 14 	 1 1 	 0.421649
25 27 	 15 13 	 1 0 	 0.578500
25 27 	 15 15 	 1 0 	 0.411934
26 8 	 2 6 	 1 0 	 0.570459
26 8 	 3 6 	 1 0 	 0.584116
26 13 	 3 9 	 1 0 	 0.582413
26 22 	 3 14 	 1 0 	 0.580147
26 24 	 3 4 	 1 0 	 0.593548
26 30 	 4 10 	 1 1 	 0.586339
26 8 	 4 4 	 1 0 	 0.548081
26 13 	 4 9 	 1 0 	 0.500389
26 8 	 5 2 	 1 0 	 0.566083
26 8 	 5 3 	 1 0 	 0.555219
26 8 	 5 4 	 1 0 	 0.466672
26 8 	 5 5 	 1 0 	 0.461564
26 8 	 5 6 	 1 0 	 0.414362
26 13 	 5 9 	 1 0 	 0.483904
26 22 	 5 14 	 1 0 	 0.511974
26 30 	 8 10 	 1 1 	 0.564305
26 30 	 8 13 	 1 1 	 0.446449
26 30 	 8 14 	 1 1 	 0.489883
26 30 	 9 7 	 1 1 	 0.571746
26 30 	 9 8 	 1 1 	 0.431121
26 30 	 9 9 	 1 1 	 0.471275
26 30 	 9 10 	 1 1 	 0.332935
26 30 	 9 11 	 1 1 	 0.576549
26 30 	 9 13 	 1 1 	 0.505627
26 30 	 9 14 	 1 1 	 0.488890
26 30 	 10 7 	 1 1 	 0.550358
26 30 	 10 8 	 1 1 	 0.472192
26 30 	 10 10 	 1 1 	 0.479149
26 30 	 10 11 	 1 1 	 0.579086
26 30 	 10 13 	 1 1 	 0.507197
26 30 	 14 13 	 1 1 	 0.495163
26 30 	 14 15 	 1 1 	 0.584792
27 11 	 9 13 	 1 0 	 0.570814
27 11 	 9 15 	 1 0 	 0.450386
27 19 	 9 4 	 1 0 	 0.545520
27 19 	 9 5 	 1 0 	 0.503495
27 19 	 11 4 	 1 0 	 0.590254
27 19 	 12 4 	 1 0 	 0.564298
27 19 	 12 9 	 1 0 	 0.598966
27 2 	 13 4 	 1 0 	 0.590217
27 19 	 13 4 	 1 0 	 0.364711
27 19 	 13 5 	 1 0 	 0.557850
27 19 	 13 9 	 1 0 	 0.448952
27 25 	 13 15 	 1 0 	 0.578500
27 2 	 14 3 	 1 0 	 0.564519
27 32 	 14 14 	 1 0 	 0.585885
27 2 	 15 4 	 1 0 	 0.402001
27 2 	 15 5 	 1 0 	 0.476717
27 16 	 15 14 	 1 0 	 0.526038
27 19 	 15 4 	 1 0 	 0.473598
27 19 	 15 9 	 1 0 	 0.384384
27 19 	 15 10 	 1 0 	 0.582714
27 25 	 15 9 	 1 0 	 0.557634
27 25 	 15 13 	 1 0 	 0.577858
27 25 	 15 14 	 1 0 	 0.456972
27 25 	 15 15 	 1 0 	 0.411934
27 2 	 16 4 	 1 0 	 0.520880
28 30 	 1 11 	 1 1 	 0.577957
28 30 	 1 12 	 1 1 	 0.533413
28 30 	 1 15 	 1 1 	 0.578375
28 30 	 1 16 	 1 1 	 0.535838
28 30 	 2 12 	 1 1 	 0.575233
28 30 	 2 15 	 1 1 	 0.520002
28 29 	 2 3 	 1 0 	 0.565647
28 29 	 2 4 	 1 0 	 0.564063
28 30 	 3 12 	 1 1 	 0.570467
28 30 	 3 13 	 1 1 	 0.568428
28 30 	 3 14 	 1 1 	 0.485555
28 30 	 3 15 	 1 1 	 0.382568
28 15 	 3 5 	 1 0 	 0.552543
28 29 	 3 3 	 1 0 	 0.574183
28 29 	 3 4 	 1 0 	 0.515776
28 30 	 4 14 	 1 1 	 0.495137
28 30 	 4 15 	 1 1 	 0.496851
28 15 	 4 5 	 1 0 	 0.579190
28 5 	 4 11 	 1 0 	 0.511408
28 5 	 4 13 	 1 0 	 0.530011
28 5 	 4 14 	 1 0 	 0.489302
28 15 	 4 6 	 1 0 	 0.453283
28 29 	 4 3 	 1 0 	 0.597168
28 29 	 4 4 	 1 0 	 0.444392
28 30 	 5 10 	 1 1 	 0.542710
28 30 	 5 11 	 1 1 	 0.569590
28 30 	 5 12 	 1 1 	 0.594819
28 30 	 5 13 	 1 1 	 0.527813
28 30 	 5 14 	 1 1 	 0.353040
28 30 	 5 15 	 1 1 	 0.376761
28 29 	 5 4 	 1 0 	 0.599955
28 29 	 6 3 	 1 1 	 0.546591
28 29 	 6 4 	 1 1 	 0.466586
28 29 	 6 14 	 1 1 	 0.489449
28 29 	 7 4 	 1 1 	 0.533965
28 29 	 7 9 	 1 1 	 0.590598
28 29 	 7 14 	 1 1 	 0.478197
28 29 	 8 4 	 1 1 	 0.447177
28 29 	 8 9 	 1 1 	 0.535700
28 29 	 8 14 	 1 1 	 0.596498
28 29 	 9 4 	 1 1 	 0.577952
28 29 	 9 9 	 1 1 	 0.497000
28 30 	 11 1 	 1 1 	 0.565038
28 30 	 11 2 	 1 1 	 0.575629
28 1 	 11 4 	 1 0 	 0.558582
28 1 	 11 5 	 1 0 	 0.485043
28 2 	 11 9 	 1 0 	 0.414251
28 2 	 11 10 	 1 0 	 0.570686
28 29 	 11 14 	 1 0 	 0.533687
28 30 	 12 1 	 1 1 	 0.476849
28 30 	 12 2 	 1 1 	 0.435344
28 30 	 12 3 	 1 1 	 0.478123
28 30 	 12 4 	 1 1 	 0.536583
28 30 	 12 6 	 1 1 	 0.541211
28 30 	 12 7 	 1 1 	 0.582537
28 30 	 12 8 	 1 1 	 0.572467
28 30 	 12 9 	 1 1 	 0.528533
28 30 	 12 10 	 1 1 	 0.564494
28 30 	 12 11 	 1 1 	 0.577926
28 1 	 12 5 	 1 0 	 0.582355
28 2 	 12 8 	 1 0 	 0.543206
28 2 	 12 9 	 1 0 	 0.364086
28 2 	 12 10 	 1 0 	 0.439195
28 30 	 13 2 	 1 1 	 0.537049
28 30 	 13 3 	 1 1 	 0.527172
28 30 	 13 4 	 1 1 	 0.465896
28 30 	 13 6 	 1 1 	 0.593644
28 30 	 13 7 	 1 1 	 0.587443
28 30 	 13 8 	 1 1 	 0.488223
28 30 	 13 9 	 1 1 	 0.346007
28 30 	 13 10 	 1 1 	 0.427152
28 30 	 13 11 	 1 1 	 0.598770
28 2 	 13 8 	 1 0 	 0.495914
28 2 	 13 9 	 1 0 	 0.443372
28 2 	 13 10 	 1 0 	 0.451916
28 30 	 14 9 	 1 1 	 0.437157
28 30 	 14 10 	 1 1 	 0.541489
28 2 	 14 8 	 1 0 	 0.455306
28 2 	 14 9 	 1 0 	 0.541368
28 2 	 14 10 	 1 0 	 0.546464
28 18 	 14 9 	 1 0 	 0.438788
28 18 	 14 10 	 1 0 	 0.426116
28 30 	 15 8 	 1 1 	 0.583370
28 30 	 15 9 	 1 1 	 0.405510
28 30 	 15 10 	 1 1 	 0.414309
28 2 	 15 9 	 1 0 	 0.597339
28 18 	 15 9 	 1 0 	 0.547974
28 18 	 15 10 	 1 0 	 0.595947
28 30 	 16 1 	 1 1 	 0.283880
28 30 	 16 2 	 1 1 	 0.276805
28 30 	 16 3 	 1 1 	 0.380149
28 30 	 16 4 	 1 1 	 0.542699
28 30 	 16 5 	 1 1 	 0.595669
28 30 	 16 6 	 1 1 	 0.412497
28 30 	 16 7 	 1 1 	 0.505480
28 30 	 16 8 	 1 1 	 0.563675
28 30 	 16 11 	 1 1 	 0.522864
28 2 	 16 9 	 1 0 	 0.474249
28 2 	 16 10 	 1 0 	 0.523809
29 32 	 1 3 	 1 1 	 0.599572
29 32 	 1 4 	 1 1 	 0.503879
29 15 	 1 5 	 1 0 	 0.554734
29 15 	 2 3 	 1 0 	 0.573253
29 32 	 2 4 	 1 0 	 0.525076
29 15 	 2 5 	 1 0 	 0.541776
29 15 	 3 1 	 1 0 	 0.584768
29 15 	 3 2 	 1 0 	 0.527037
29 15 	 3 3 	 1 0 	 0.439839
29 32 	 3 4 	 1 0 	 0.533987
29 28 	 3 2 	 1 0 	 0.565647
29 28 	 3 3 	 1 0 	 0.574183
29 28 	 3 4 	 1 0 	 0.597168
29 15 	 3 5 	 1 0 	 0.433306
29 15 	 4 1 	 1 0 	 0.590705
29 15 	 4 2 	 1 0 	 0.557937
29 15 	 4 3 	 1 0 	 0.578844
29 28 	 4 2 	 1 0 	 0.564063
29 28 	 4 3 	 1 0 	 0.515776
29 28 	 4 4 	 1 0 	 0.444392
29 28 	 4 5 	 1 0 	 0.599955
29 15 	 4 5 	 1 0 	 0.588413
29 15 	 5 1 	 1 0 	 0.519344
29 15 	 5 2 	 1 0 	 0.524803
29 15 	 5 3 	 1 0 	 0.531867
29 32 	 5 4 	 1 0 	 0.597958
29 32 	 6 4 	 1 0 	 0.564987
29 28 	 14 11 	 1 0 	 0.533687
30 2 	 3 10 	 1 0 	 0.532403
30 2 	 4 10 	 1 0 	 0.474097
31 18 	 1 4 	 1 0 	 0.584301
31 14 	 2 9 	 1 0 	 0.582124
31 5 	 3 15 	 1 0 	 0.583908
31 14 	 3 9 	 1 0 	 0.444298
31 14 	 3 10 	 1 0 	 0.585325
31 18 	 3 4 	 1 0 	 0.578476
31 18 	 3 8 	 1 0 	 0.474623
31 18 	 3 9 	 1 0 	 0.565881
31 5 	 4 8 	 1 0 	 0.398901
31 5 	 4 14 	 1 0 	 0.586594
31 5 	 4 15 	 1 0 	 0.501032
31 18 	 4 8 	 1 0 	 0.432422
31 18 	 4 9 	 1 0 	 0.399469
31 18 	 4 10 	 1 0 	 0.570514
31 18 	 4 11 	 1 0 	 0.527552
31 18 	 4 12 	 1 0 	 0.550445
31 5 	 4 9 	 1 0 	 0.384160
31 18 	 4 13 	 1 0 	 0.480384
31 18 	 5 7 	 1 0 	 0.497194
31 18 	 5 8 	 1 0 	 0.407775
31 18 	 5 9 	 1 0 	 0.509481
31 18 	 5 11 	 1 0 	 0.413172
31 18 	 5 12 	 1 0 	 0.490480
31 5 	 5 9 	 1 0 	 0.567110
31 18 	 5 13 	 1 0 	 0.492847
31 5 	 8 8 	 1 0 	 0.506089
31 5 	 8 9 	 1 0 	 0.597921
31 18 	 9 14 	 1 0 	 0.436548
31 20 	 9 4 	 1 0 	 0.398458
31 20 	 9 9 	 1 0 	 0.487469
31 22 	 9 8 	 1 0 	 0.464841
31 22 	 9 9 	 1 0 	 0.488050
31 22 	 9 10 	 1 0 	 0.512356
31 5 	 9 8 	 1 0 	 0.595714
31 5 	 9 9 	 1 0 	 0.566849
31 18 	 9 13 	 1 0 	 0.532635
31 15 	 10 15 	 1 0 	 0.523907
31 20 	 10 4 	 1 0 	 0.598332
31 20 	 10 9 	 1 0 	 0.501560
31 22 	 10 7 	 1 0 	 0.562101
31 22 	 10 8 	 1 0 	 0.425018
31 22 	 10 9 	 1 0 	 0.572133
31 22 	 10 10 	 1 0 	 0.549928
31 5 	 10 8 	 1 0 	 0.582700
31 20 	 11 9 	 1 0 	 0.579984
31 20 	 12 9 	 1 0 	 0.547452
31 20 	 13 9 	 1 0 	 0.415462
31 22 	 13 2 	 1 0 	 0.580089
31 22 	 13 3 	 1 0 	 0.598451
31 22 	 13 6 	 1 0 	 0.563566
31 20 	 14 9 	 1 0 	 0.511136
31 22 	 14 2 	 1 0 	 0.465749
31 22 	 14 3 	 1 0 	 0.470836
31 22 	 14 4 	 1 0 	 0.587807
31 22 	 14 5 	 1 0 	 0.384727
31 22 	 14 6 	 1 0 	 0.532135
31 20 	 15 9 	 1 0 	 0.538629
31 22 	 15 1 	 1 0 	 0.583029
31 22 	 15 2 	 1 0 	 0.430019
31 22 	 15 3 	 1 0 	 0.530981
31 22 	 15 5 	 1 0 	 0.530504
31 22 	 15 6 	 1 0 	 0.409619
31 22 	 15 7 	 1 0 	 0.506236
32 15 	 3 4 	 1 0 	 0.548499
32 29 	 4 2 	 1 0 	 0.525076
32 29 	 4 3 	 1 0 	 0.533987
32 29 	 4 5 	 1 0 	 0.597958
32 29 	 4 6 	 1 0 	 0.564987
32 15 	 4 4 	 1 0 	 0.537175
32 15 	 4 5 	 1 0 	 0.564620
32 7 	 9 12 	 1 0 	 0.554621
32 7 	 9 13 	 1 0 	 0.395228
32 7 	 9 14 	 1 0 	 0.545015
32 7 	 9 15 	 1 0 	 0.582762
32 7 	 9 16 	 1 0 	 0.562335
32 16 	 12 15 	 1 0 	 0.590384
32 16 	 13 14 	 1 0 	 0.557469
32 16 	 13 15 	 1 0 	 0.499536
32 7 	 14 13 	 1 0 	 0.520358
32 7 	 14 15 	 1 0 	 0.488891
32 27 	 14 14 	 1 0 	 0.585885
