1 3 	 1 12 	 1 1 	 0.528518
1 3 	 1 16 	 1 1 	 0.435603
1 3 	 2 7 	 1 1 	 0.563498
1 3 	 2 11 	 1 1 	 0.578137
1 3 	 2 12 	 1 1 	 0.554637
1 3 	 2 16 	 1 1 	 0.515799
1 4 	 2 3 	 1 1 	 0.596673
1 4 	 2 4 	 1 1 	 0.591010
1 3 	 3 7 	 1 1 	 0.565050
1 3 	 3 11 	 1 1 	 0.573051
1 3 	 3 12 	 1 1 	 0.579644
1 4 	 3 2 	 1 1 	 0.587221
1 4 	 3 3 	 1 1 	 0.435364
1 4 	 3 4 	 1 1 	 0.450806
1 4 	 3 6 	 1 1 	 0.521096
1 15 	 3 4 	 1 1 	 0.594185
1 3 	 4 4 	 1 1 	 0.547345
1 3 	 4 5 	 1 1 	 0.465443
1 3 	 4 6 	 1 1 	 0.570467
1 3 	 4 7 	 1 1 	 0.594234
1 4 	 4 2 	 1 1 	 0.583868
1 4 	 4 3 	 1 1 	 0.535831
1 4 	 4 4 	 1 1 	 0.572864
1 4 	 4 6 	 1 1 	 0.433795
1 4 	 4 7 	 1 1 	 0.473280
1 4 	 4 8 	 1 1 	 0.458522
1 4 	 4 9 	 1 1 	 0.575069
1 15 	 4 4 	 1 1 	 0.525864
1 3 	 5 4 	 1 1 	 0.586011
1 3 	 5 5 	 1 1 	 0.424039
1 3 	 5 6 	 1 1 	 0.455571
1 3 	 5 7 	 1 1 	 0.420050
1 3 	 5 11 	 1 1 	 0.437180
1 3 	 5 12 	 1 1 	 0.512677
1 3 	 5 13 	 1 1 	 0.586527
1 4 	 5 3 	 1 1 	 0.546927
1 4 	 5 4 	 1 1 	 0.476194
1 4 	 5 6 	 1 1 	 0.545393
1 4 	 5 7 	 1 1 	 0.581847
1 15 	 5 3 	 1 1 	 0.568139
1 15 	 5 4 	 1 1 	 0.400975
1 15 	 5 5 	 1 1 	 0.557382
1 3 	 6 6 	 1 1 	 0.496871
1 3 	 6 7 	 1 1 	 0.394771
1 3 	 6 8 	 1 1 	 0.529259
1 3 	 6 11 	 1 1 	 0.460246
1 3 	 6 12 	 1 1 	 0.499326
1 3 	 6 16 	 1 1 	 0.503947
1 3 	 7 1 	 1 1 	 0.562354
1 3 	 7 2 	 1 1 	 0.558467
1 3 	 7 6 	 1 1 	 0.395435
1 3 	 7 7 	 1 1 	 0.386093
1 3 	 7 8 	 1 1 	 0.512097
1 3 	 7 11 	 1 1 	 0.528812
1 3 	 8 6 	 1 1 	 0.575423
1 3 	 8 7 	 1 1 	 0.566457
1 3 	 11 1 	 1 1 	 0.538942
1 3 	 11 2 	 1 1 	 0.573883
1 3 	 11 5 	 1 1 	 0.582912
1 3 	 11 6 	 1 1 	 0.452838
1 3 	 11 7 	 1 1 	 0.517723
1 3 	 12 1 	 1 1 	 0.445533
1 3 	 12 2 	 1 1 	 0.522717
1 3 	 12 3 	 1 1 	 0.542911
1 3 	 12 4 	 1 1 	 0.540449
1 3 	 12 5 	 1 1 	 0.536430
1 3 	 12 6 	 1 1 	 0.472869
1 3 	 13 1 	 1 1 	 0.452462
1 3 	 13 2 	 1 1 	 0.524016
1 3 	 13 3 	 1 1 	 0.435846
1 3 	 13 4 	 1 1 	 0.348360
1 3 	 13 5 	 1 1 	 0.433475
1 3 	 13 6 	 1 1 	 0.531226
1 4 	 13 9 	 1 1 	 0.490616
1 3 	 14 3 	 1 1 	 0.595684
1 3 	 14 4 	 1 1 	 0.439373
1 4 	 14 9 	 1 1 	 0.450739
1 7 	 14 13 	 1 1 	 0.562575
1 12 	 14 4 	 1 1 	 0.507174
1 22 	 14 1 	 1 1 	 0.500977
1 22 	 14 2 	 1 1 	 0.459730
1 22 	 14 6 	 1 1 	 0.556897
1 3 	 15 4 	 1 1 	 0.477565
1 4 	 15 8 	 1 1 	 0.564026
1 4 	 15 9 	 1 1 	 0.412566
1 7 	 15 13 	 1 1 	 0.597851
1 22 	 15 1 	 1 1 	 0.599190
1 22 	 15 2 	 1 1 	 0.534241
1 22 	 15 6 	 1 1 	 0.552844
1 22 	 15 7 	 1 1 	 0.520275
1 22 	 15 8 	 1 1 	 0.544553
1 3 	 16 1 	 1 1 	 0.370995
1 3 	 16 2 	 1 1 	 0.496409
1 3 	 16 3 	 1 1 	 0.545975
1 3 	 16 6 	 1 1 	 0.511768
1 22 	 16 1 	 1 1 	 0.525061
1 22 	 16 2 	 1 1 	 0.572888
1 22 	 16 6 	 1 1 	 0.557122
1 22 	 16 7 	 1 1 	 0.586176
2 12 	 1 12 	 1 1 	 0.478648
2 12 	 1 13 	 1 1 	 0.512927
2 12 	 1 14 	 1 1 	 0.554097
2 12 	 1 15 	 1 1 	 0.519878
2 12 	 1 16 	 1 1 	 0.297278
2 27 	 1 9 	 1 1 	 0.542750
2 12 	 2 12 	 1 1 	 0.566306
2 12 	 2 13 	 1 1 	 0.542635
2 12 	 2 14 	 1 1 	 0.521897
2 12 	 2 15 	 1 1 	 0.477692
2 12 	 2 16 	 1 1 	 0.407772
2 27 	 2 8 	 1 1 	 0.460028
2 27 	 2 9 	 1 1 	 0.399522
2 27 	 2 10 	 1 1 	 0.549026
2 12 	 3 13 	 1 1 	 0.521201
2 12 	 3 14 	 1 1 	 0.396517
2 12 	 3 15 	 1 1 	 0.447784
2 12 	 3 16 	 1 1 	 0.495738
2 27 	 3 8 	 1 1 	 0.416995
2 27 	 3 9 	 1 1 	 0.407874
2 27 	 3 10 	 1 1 	 0.467578
2 12 	 4 14 	 1 1 	 0.518039
2 27 	 4 8 	 1 1 	 0.598137
2 27 	 4 9 	 1 1 	 0.559562
2 27 	 4 10 	 1 1 	 0.544307
2 12 	 5 12 	 1 1 	 0.552837
2 12 	 5 13 	 1 1 	 0.486984
2 12 	 5 14 	 1 1 	 0.369539
2 12 	 5 15 	 1 1 	 0.508781
2 12 	 5 16 	 1 1 	 0.496012
2 12 	 6 12 	 1 1 	 0.599257
2 12 	 6 13 	 1 1 	 0.579377
2 12 	 6 15 	 1 1 	 0.483071
2 12 	 6 16 	 1 1 	 0.445963
2 27 	 6 8 	 1 1 	 0.468321
2 27 	 6 9 	 1 1 	 0.441702
2 15 	 6 1 	 1 0 	 0.513464
2 15 	 6 2 	 1 0 	 0.557309
2 15 	 7 1 	 1 1 	 0.399593
2 15 	 7 2 	 1 1 	 0.416255
2 15 	 7 6 	 1 1 	 0.516972
2 12 	 7 12 	 1 0 	 0.577164
2 12 	 7 13 	 1 0 	 0.556338
2 12 	 7 15 	 1 0 	 0.456503
2 12 	 7 16 	 1 0 	 0.468636
2 27 	 7 8 	 1 0 	 0.567328
2 15 	 8 1 	 1 1 	 0.508426
2 15 	 8 2 	 1 1 	 0.447847
2 15 	 8 3 	 1 1 	 0.570005
2 15 	 8 5 	 1 1 	 0.490210
2 15 	 8 6 	 1 1 	 0.543327
2 27 	 8 3 	 1 1 	 0.562775
2 12 	 8 13 	 1 0 	 0.598273
2 12 	 8 15 	 1 0 	 0.441606
2 14 	 8 14 	 1 0 	 0.420576
2 27 	 8 6 	 1 0 	 0.483368
2 27 	 8 7 	 1 0 	 0.560608
2 27 	 8 8 	 1 0 	 0.579822
2 4 	 9 11 	 1 1 	 0.583914
2 14 	 9 7 	 1 1 	 0.594221
2 14 	 9 8 	 1 1 	 0.429821
2 14 	 9 9 	 1 1 	 0.474836
2 14 	 9 10 	 1 1 	 0.443937
2 15 	 9 2 	 1 1 	 0.485886
2 15 	 9 3 	 1 1 	 0.470919
2 15 	 9 4 	 1 1 	 0.461606
2 15 	 9 5 	 1 1 	 0.313751
2 15 	 9 6 	 1 1 	 0.560970
2 15 	 9 9 	 1 1 	 0.577262
2 15 	 9 10 	 1 1 	 0.569911
2 27 	 9 3 	 1 1 	 0.479406
2 14 	 9 14 	 1 0 	 0.472505
2 27 	 9 2 	 1 0 	 0.593560
2 27 	 9 6 	 1 0 	 0.555808
2 14 	 10 8 	 1 1 	 0.582929
2 14 	 10 9 	 1 1 	 0.586030
2 14 	 10 10 	 1 1 	 0.513179
2 15 	 10 1 	 1 1 	 0.533747
2 15 	 10 2 	 1 1 	 0.415920
2 15 	 10 3 	 1 1 	 0.484921
2 15 	 10 4 	 1 1 	 0.556449
2 15 	 10 5 	 1 1 	 0.434675
2 15 	 10 6 	 1 1 	 0.433542
2 15 	 10 7 	 1 1 	 0.598614
2 15 	 10 8 	 1 1 	 0.536430
2 15 	 10 9 	 1 1 	 0.454277
2 15 	 10 10 	 1 1 	 0.507157
2 27 	 10 3 	 1 1 	 0.424182
2 27 	 10 4 	 1 1 	 0.487853
2 14 	 10 14 	 1 0 	 0.538558
2 27 	 10 2 	 1 0 	 0.556578
2 27 	 10 6 	 1 0 	 0.462685
2 27 	 10 7 	 1 0 	 0.522246
2 15 	 11 1 	 1 1 	 0.362338
2 15 	 11 2 	 1 1 	 0.399966
2 15 	 11 3 	 1 1 	 0.570204
2 15 	 11 5 	 1 1 	 0.553239
2 15 	 11 6 	 1 1 	 0.560274
2 12 	 11 12 	 1 0 	 0.540765
2 12 	 11 13 	 1 0 	 0.572291
2 12 	 11 15 	 1 0 	 0.537286
2 12 	 11 16 	 1 0 	 0.460522
2 12 	 12 1 	 1 1 	 0.522136
2 12 	 12 2 	 1 1 	 0.540498
2 12 	 12 3 	 1 1 	 0.503778
2 12 	 12 10 	 1 1 	 0.520778
2 15 	 12 1 	 1 1 	 0.484497
2 15 	 12 2 	 1 1 	 0.546389
2 12 	 12 6 	 1 0 	 0.570684
2 12 	 12 7 	 1 0 	 0.569865
2 12 	 12 8 	 1 0 	 0.587172
2 12 	 12 9 	 1 0 	 0.565333
2 12 	 12 11 	 1 0 	 0.532210
2 12 	 12 12 	 1 0 	 0.476438
2 12 	 12 13 	 1 0 	 0.571699
2 12 	 12 16 	 1 0 	 0.435887
2 3 	 13 4 	 1 1 	 0.538756
2 4 	 13 9 	 1 1 	 0.578215
2 4 	 13 10 	 1 1 	 0.581399
2 12 	 13 3 	 1 1 	 0.534333
2 12 	 13 10 	 1 1 	 0.411982
2 15 	 13 1 	 1 1 	 0.585835
2 15 	 13 2 	 1 1 	 0.594507
2 15 	 13 5 	 1 1 	 0.542593
2 12 	 13 8 	 1 0 	 0.548151
2 12 	 13 9 	 1 0 	 0.429181
2 12 	 13 11 	 1 0 	 0.590238
2 12 	 13 12 	 1 0 	 0.561685
2 12 	 13 16 	 1 0 	 0.585765
2 3 	 14 4 	 1 1 	 0.508059
2 3 	 14 5 	 1 1 	 0.575904
2 4 	 14 7 	 1 1 	 0.555231
2 4 	 14 8 	 1 1 	 0.508400
2 4 	 14 9 	 1 1 	 0.454628
2 4 	 14 10 	 1 1 	 0.394135
2 4 	 14 11 	 1 1 	 0.466205
2 4 	 14 12 	 1 1 	 0.554224
2 4 	 14 13 	 1 1 	 0.518923
2 12 	 14 10 	 1 1 	 0.552622
2 15 	 14 3 	 1 1 	 0.583568
2 15 	 14 4 	 1 1 	 0.583597
2 15 	 14 5 	 1 1 	 0.384626
2 12 	 14 9 	 1 0 	 0.519425
2 14 	 14 14 	 1 0 	 0.583322
2 4 	 15 10 	 1 1 	 0.534860
2 4 	 15 13 	 1 1 	 0.528377
2 12 	 15 10 	 1 1 	 0.465738
2 15 	 15 5 	 1 1 	 0.551159
2 4 	 15 14 	 1 0 	 0.524469
2 12 	 15 8 	 1 0 	 0.592072
2 12 	 15 9 	 1 0 	 0.366070
2 12 	 15 13 	 1 0 	 0.570923
2 12 	 15 15 	 1 0 	 0.546009
2 14 	 15 13 	 1 0 	 0.573674
2 14 	 15 14 	 1 0 	 0.439765
2 14 	 15 15 	 1 0 	 0.591267
2 12 	 16 1 	 1 1 	 0.333038
2 12 	 16 2 	 1 1 	 0.383746
2 12 	 16 3 	 1 1 	 0.428274
2 12 	 16 10 	 1 1 	 0.568961
2 15 	 16 1 	 1 1 	 0.571013
2 12 	 16 6 	 1 0 	 0.445983
2 12 	 16 7 	 1 0 	 0.489081
2 12 	 16 8 	 1 0 	 0.584988
2 12 	 16 11 	 1 0 	 0.486995
2 12 	 16 12 	 1 0 	 0.461850
2 12 	 16 16 	 1 0 	 0.396454
3 15 	 2 3 	 1 1 	 0.588494
3 15 	 3 1 	 1 1 	 0.543797
3 15 	 3 2 	 1 1 	 0.561143
3 15 	 3 3 	 1 1 	 0.471447
3 15 	 3 5 	 1 1 	 0.579775
3 4 	 4 8 	 1 1 	 0.552530
3 4 	 4 9 	 1 1 	 0.385822
3 4 	 4 10 	 1 1 	 0.560897
3 15 	 4 3 	 1 1 	 0.512347
3 15 	 4 4 	 1 1 	 0.579460
3 15 	 4 5 	 1 1 	 0.485421
3 4 	 5 9 	 1 1 	 0.540101
3 15 	 5 1 	 1 1 	 0.570510
3 15 	 5 2 	 1 1 	 0.525487
3 15 	 5 3 	 1 1 	 0.352160
3 15 	 5 4 	 1 1 	 0.411893
3 15 	 5 5 	 1 1 	 0.386541
3 15 	 6 3 	 1 1 	 0.561182
3 15 	 7 3 	 1 1 	 0.579891
3 15 	 7 4 	 1 1 	 0.589828
3 15 	 8 13 	 1 1 	 0.537273
3 15 	 9 12 	 1 1 	 0.504272
3 15 	 9 13 	 1 1 	 0.383956
3 15 	 9 14 	 1 1 	 0.568753
3 15 	 9 15 	 1 1 	 0.562777
3 15 	 9 16 	 1 1 	 0.536040
3 16 	 9 9 	 1 1 	 0.516386
3 16 	 9 10 	 1 1 	 0.453663
3 15 	 10 12 	 1 1 	 0.564895
3 15 	 10 13 	 1 1 	 0.377939
3 15 	 10 14 	 1 1 	 0.450819
3 15 	 10 15 	 1 1 	 0.526473
3 16 	 10 9 	 1 1 	 0.481290
3 16 	 10 10 	 1 1 	 0.506796
3 15 	 11 3 	 1 1 	 0.527210
3 15 	 11 4 	 1 1 	 0.508947
3 15 	 11 10 	 1 1 	 0.582263
3 15 	 11 13 	 1 1 	 0.535069
3 15 	 11 14 	 1 1 	 0.531384
3 4 	 12 4 	 1 1 	 0.595719
3 15 	 12 4 	 1 1 	 0.565235
3 15 	 12 10 	 1 1 	 0.550354
3 15 	 12 14 	 1 1 	 0.499925
3 4 	 13 4 	 1 1 	 0.498888
3 15 	 13 4 	 1 1 	 0.510283
3 15 	 13 8 	 1 1 	 0.539103
3 15 	 13 9 	 1 1 	 0.587908
3 15 	 13 10 	 1 1 	 0.393067
3 15 	 13 14 	 1 1 	 0.509322
3 9 	 14 2 	 1 1 	 0.549555
3 9 	 14 3 	 1 1 	 0.357596
3 9 	 14 4 	 1 1 	 0.470732
3 9 	 14 5 	 1 1 	 0.500354
3 9 	 14 9 	 1 1 	 0.570027
3 9 	 14 10 	 1 1 	 0.436230
3 9 	 14 14 	 1 1 	 0.523704
3 15 	 14 8 	 1 1 	 0.594659
3 15 	 14 9 	 1 1 	 0.553334
3 15 	 14 10 	 1 1 	 0.451873
3 15 	 14 14 	 1 1 	 0.563803
3 24 	 14 9 	 1 1 	 0.524360
3 24 	 14 10 	 1 1 	 0.499069
3 4 	 15 4 	 1 1 	 0.428744
3 4 	 15 5 	 1 1 	 0.568332
3 9 	 15 3 	 1 1 	 0.526773
3 9 	 15 4 	 1 1 	 0.598987
3 9 	 15 10 	 1 1 	 0.548343
3 9 	 15 14 	 1 1 	 0.436647
3 15 	 15 10 	 1 1 	 0.505223
4 19 	 1 12 	 1 1 	 0.577620
4 19 	 1 16 	 1 1 	 0.466769
4 19 	 2 16 	 1 1 	 0.560427
4 9 	 4 14 	 1 1 	 0.551190
4 14 	 4 9 	 1 1 	 0.422358
4 15 	 4 4 	 1 1 	 0.467814
4 9 	 5 14 	 1 1 	 0.514193
4 9 	 5 15 	 1 1 	 0.598407
4 14 	 5 3 	 1 1 	 0.456792
4 14 	 5 4 	 1 1 	 0.519626
4 14 	 5 5 	 1 1 	 0.594035
4 14 	 5 9 	 1 1 	 0.425265
4 19 	 6 16 	 1 1 	 0.595330
4 14 	 7 8 	 1 1 	 0.598441
4 15 	 7 4 	 1 1 	 0.565469
4 15 	 7 5 	 1 1 	 0.569896
4 19 	 7 12 	 1 1 	 0.592606
4 19 	 7 13 	 1 1 	 0.497301
4 19 	 8 12 	 1 1 	 0.581885
4 19 	 8 13 	 1 1 	 0.443322
4 19 	 8 14 	 1 1 	 0.485639
4 19 	 8 15 	 1 1 	 0.578884
4 7 	 9 13 	 1 1 	 0.562538
4 7 	 9 14 	 1 1 	 0.485957
4 19 	 9 13 	 1 1 	 0.589615
4 19 	 9 14 	 1 1 	 0.471842
4 7 	 10 14 	 1 1 	 0.465805
4 19 	 10 13 	 1 1 	 0.410704
4 19 	 10 14 	 1 1 	 0.328233
4 19 	 10 15 	 1 1 	 0.437524
4 14 	 11 8 	 1 1 	 0.451280
4 14 	 11 9 	 1 1 	 0.542613
4 15 	 11 4 	 1 1 	 0.593516
4 15 	 11 5 	 1 1 	 0.547183
4 19 	 11 13 	 1 1 	 0.487350
4 19 	 11 15 	 1 1 	 0.587104
4 14 	 12 1 	 1 1 	 0.468072
4 14 	 12 2 	 1 1 	 0.535976
4 14 	 12 3 	 1 1 	 0.582444
4 14 	 12 6 	 1 1 	 0.533389
4 14 	 12 7 	 1 1 	 0.491965
4 14 	 12 8 	 1 1 	 0.407513
4 14 	 12 9 	 1 1 	 0.595055
4 19 	 12 13 	 1 1 	 0.491987
4 19 	 12 15 	 1 1 	 0.543402
4 14 	 12 11 	 1 0 	 0.555725
4 14 	 12 13 	 1 0 	 0.567213
4 14 	 13 7 	 1 1 	 0.595429
4 14 	 13 8 	 1 1 	 0.565630
4 19 	 13 13 	 1 1 	 0.459166
4 19 	 13 14 	 1 1 	 0.534242
4 19 	 13 15 	 1 1 	 0.399269
4 20 	 13 4 	 1 1 	 0.573878
4 14 	 13 11 	 1 0 	 0.578666
4 14 	 13 12 	 1 0 	 0.564246
4 14 	 13 13 	 1 0 	 0.476908
4 12 	 14 9 	 1 1 	 0.531296
4 14 	 14 11 	 1 1 	 0.565035
4 14 	 14 12 	 1 1 	 0.467643
4 14 	 14 13 	 1 1 	 0.347425
4 14 	 14 14 	 1 1 	 0.517351
4 14 	 14 15 	 1 1 	 0.491767
4 14 	 14 16 	 1 1 	 0.513877
4 20 	 14 3 	 1 1 	 0.558299
4 29 	 14 8 	 1 1 	 0.555766
4 29 	 14 9 	 1 1 	 0.507384
4 29 	 14 10 	 1 1 	 0.404314
4 2 	 14 15 	 1 0 	 0.524469
4 19 	 14 15 	 1 0 	 0.523249
4 20 	 14 4 	 1 0 	 0.469483
4 19 	 15 13 	 1 1 	 0.546013
4 19 	 15 15 	 1 1 	 0.414817
4 20 	 15 4 	 1 1 	 0.525348
4 14 	 15 12 	 1 0 	 0.520350
4 14 	 15 13 	 1 0 	 0.485228
4 14 	 15 16 	 1 0 	 0.503815
4 20 	 15 3 	 1 0 	 0.550244
4 29 	 15 10 	 1 0 	 0.572425
4 14 	 16 1 	 1 1 	 0.272134
4 14 	 16 2 	 1 1 	 0.358957
4 14 	 16 3 	 1 1 	 0.457612
4 14 	 16 6 	 1 1 	 0.399147
4 14 	 16 7 	 1 1 	 0.425321
4 14 	 16 8 	 1 1 	 0.415520
4 19 	 16 13 	 1 1 	 0.593758
4 14 	 16 11 	 1 0 	 0.503154
4 14 	 16 12 	 1 0 	 0.559619
4 14 	 16 13 	 1 0 	 0.591291
4 14 	 16 16 	 1 0 	 0.598668
5 10 	 1 7 	 1 1 	 0.491741
5 10 	 1 11 	 1 1 	 0.395366
5 10 	 1 12 	 1 1 	 0.480251
5 10 	 1 13 	 1 1 	 0.548075
5 10 	 2 7 	 1 1 	 0.599157
5 10 	 2 11 	 1 1 	 0.479569
5 10 	 2 12 	 1 1 	 0.537424
5 10 	 2 13 	 1 1 	 0.538776
5 10 	 3 7 	 1 1 	 0.587732
5 10 	 3 11 	 1 1 	 0.485895
5 10 	 3 12 	 1 1 	 0.571997
5 10 	 3 13 	 1 1 	 0.534066
5 24 	 3 13 	 1 0 	 0.480976
5 24 	 3 14 	 1 0 	 0.554793
5 24 	 3 15 	 1 0 	 0.508968
5 24 	 4 12 	 1 1 	 0.542663
5 26 	 4 3 	 1 1 	 0.474573
5 26 	 4 4 	 1 1 	 0.521684
5 24 	 4 13 	 1 0 	 0.474369
5 24 	 4 15 	 1 0 	 0.460163
5 10 	 5 7 	 1 1 	 0.460749
5 10 	 5 8 	 1 1 	 0.526342
5 10 	 5 10 	 1 1 	 0.521234
5 10 	 5 11 	 1 1 	 0.426583
5 10 	 5 12 	 1 1 	 0.570794
5 10 	 5 13 	 1 1 	 0.576140
5 28 	 5 15 	 1 1 	 0.469820
5 26 	 5 3 	 1 0 	 0.449081
5 26 	 5 4 	 1 0 	 0.499681
5 26 	 5 5 	 1 0 	 0.510687
5 24 	 5 13 	 1 0 	 0.589861
5 10 	 6 14 	 1 1 	 0.540431
5 10 	 6 11 	 1 0 	 0.591958
5 10 	 6 12 	 1 0 	 0.585487
5 10 	 6 13 	 1 0 	 0.557310
5 19 	 8 3 	 1 1 	 0.588464
5 19 	 9 3 	 1 1 	 0.599963
5 19 	 10 1 	 1 1 	 0.535820
5 19 	 10 2 	 1 1 	 0.533914
5 19 	 10 3 	 1 1 	 0.403050
5 19 	 10 4 	 1 1 	 0.568570
5 19 	 10 5 	 1 1 	 0.590543
5 10 	 11 14 	 1 1 	 0.563496
5 31 	 11 6 	 1 1 	 0.564644
5 24 	 11 14 	 1 0 	 0.594419
5 10 	 12 14 	 1 1 	 0.515912
5 19 	 12 9 	 1 1 	 0.567062
5 31 	 12 1 	 1 1 	 0.466672
5 31 	 12 2 	 1 1 	 0.452825
5 31 	 12 6 	 1 1 	 0.437588
5 31 	 12 7 	 1 0 	 0.569016
5 7 	 13 10 	 1 1 	 0.468685
5 10 	 13 14 	 1 1 	 0.349986
5 19 	 13 9 	 1 1 	 0.490618
5 28 	 13 9 	 1 1 	 0.518843
5 31 	 13 1 	 1 1 	 0.496544
5 31 	 13 2 	 1 1 	 0.432684
5 31 	 13 5 	 1 1 	 0.550366
5 31 	 13 6 	 1 1 	 0.468993
5 10 	 13 15 	 1 0 	 0.538110
5 7 	 14 10 	 1 1 	 0.483433
5 10 	 14 14 	 1 1 	 0.462810
5 28 	 14 9 	 1 1 	 0.388041
5 31 	 14 1 	 1 1 	 0.504552
5 31 	 14 2 	 1 1 	 0.385430
5 31 	 14 3 	 1 1 	 0.440028
5 31 	 14 5 	 1 1 	 0.336383
5 31 	 14 6 	 1 1 	 0.468493
5 32 	 14 6 	 1 1 	 0.532141
5 32 	 14 8 	 1 1 	 0.556238
5 32 	 14 10 	 1 1 	 0.473330
5 28 	 14 8 	 1 0 	 0.579181
5 31 	 14 4 	 1 0 	 0.524306
5 7 	 15 7 	 1 1 	 0.547766
5 7 	 15 8 	 1 1 	 0.546715
5 7 	 15 9 	 1 1 	 0.545336
5 7 	 15 10 	 1 1 	 0.344198
5 7 	 15 11 	 1 1 	 0.586837
5 10 	 15 14 	 1 1 	 0.501019
5 19 	 15 9 	 1 1 	 0.567370
5 28 	 15 9 	 1 1 	 0.536879
5 31 	 15 1 	 1 1 	 0.398608
5 31 	 15 2 	 1 1 	 0.345820
5 31 	 15 3 	 1 1 	 0.489961
5 31 	 15 5 	 1 1 	 0.490592
5 31 	 15 6 	 1 1 	 0.478868
5 32 	 15 1 	 1 1 	 0.530904
5 32 	 15 2 	 1 1 	 0.567656
5 32 	 15 6 	 1 1 	 0.515753
5 32 	 15 8 	 1 1 	 0.564212
5 32 	 15 10 	 1 1 	 0.574671
5 31 	 16 1 	 1 1 	 0.336563
5 31 	 16 2 	 1 1 	 0.387526
5 31 	 16 6 	 1 1 	 0.421195
5 31 	 16 7 	 1 0 	 0.556435
6 29 	 1 12 	 1 1 	 0.441885
6 29 	 1 13 	 1 1 	 0.388585
6 29 	 1 14 	 1 1 	 0.318141
6 29 	 1 15 	 1 1 	 0.347094
6 29 	 1 16 	 1 1 	 0.359130
6 29 	 2 12 	 1 1 	 0.571809
6 29 	 2 13 	 1 1 	 0.539870
6 29 	 2 14 	 1 1 	 0.436227
6 29 	 2 15 	 1 1 	 0.459567
6 29 	 2 16 	 1 1 	 0.480702
6 29 	 3 12 	 1 1 	 0.500869
6 29 	 3 13 	 1 1 	 0.542186
6 29 	 3 14 	 1 1 	 0.523334
6 29 	 3 15 	 1 1 	 0.433998
6 29 	 3 16 	 1 1 	 0.468118
6 18 	 4 14 	 1 1 	 0.590569
6 18 	 4 15 	 1 1 	 0.545058
6 29 	 4 11 	 1 1 	 0.486125
6 29 	 4 12 	 1 1 	 0.422501
6 29 	 4 13 	 1 1 	 0.497816
6 29 	 4 14 	 1 1 	 0.565624
6 29 	 4 15 	 1 1 	 0.375631
6 29 	 4 16 	 1 1 	 0.503207
6 18 	 5 14 	 1 1 	 0.577884
6 18 	 5 15 	 1 1 	 0.465217
6 23 	 5 14 	 1 1 	 0.503925
6 23 	 5 15 	 1 1 	 0.580580
6 29 	 5 12 	 1 1 	 0.576218
6 29 	 5 13 	 1 1 	 0.574502
6 29 	 5 14 	 1 1 	 0.525428
6 29 	 5 15 	 1 1 	 0.379835
6 23 	 6 13 	 1 1 	 0.589390
6 23 	 6 14 	 1 1 	 0.477483
6 23 	 6 15 	 1 1 	 0.437509
6 29 	 6 14 	 1 1 	 0.428437
6 29 	 6 15 	 1 1 	 0.491583
6 23 	 7 9 	 1 1 	 0.529862
6 23 	 7 13 	 1 1 	 0.524005
6 23 	 7 14 	 1 1 	 0.511831
6 23 	 7 15 	 1 1 	 0.386343
6 29 	 7 14 	 1 1 	 0.582941
6 20 	 8 14 	 1 1 	 0.566270
6 23 	 8 9 	 1 1 	 0.379666
6 23 	 8 10 	 1 1 	 0.554806
6 23 	 8 13 	 1 1 	 0.441930
6 23 	 8 14 	 1 1 	 0.492015
6 23 	 8 15 	 1 1 	 0.422108
6 29 	 8 14 	 1 1 	 0.489384
6 17 	 9 15 	 1 1 	 0.531923
6 18 	 9 9 	 1 1 	 0.478584
6 18 	 9 10 	 1 1 	 0.521830
6 20 	 9 7 	 1 1 	 0.545936
6 20 	 9 8 	 1 1 	 0.535207
6 20 	 9 11 	 1 1 	 0.498087
6 20 	 9 13 	 1 1 	 0.522918
6 20 	 9 14 	 1 1 	 0.377182
6 20 	 9 15 	 1 1 	 0.482213
6 23 	 9 9 	 1 1 	 0.502651
6 23 	 9 13 	 1 1 	 0.518755
6 23 	 9 14 	 1 1 	 0.541443
6 23 	 9 15 	 1 1 	 0.580512
6 29 	 9 14 	 1 1 	 0.349195
6 29 	 9 15 	 1 1 	 0.555774
6 17 	 10 10 	 1 1 	 0.593474
6 20 	 10 11 	 1 1 	 0.557556
6 20 	 10 13 	 1 1 	 0.563273
6 20 	 10 14 	 1 1 	 0.451338
6 23 	 10 9 	 1 1 	 0.510196
6 29 	 10 14 	 1 1 	 0.411185
6 23 	 11 9 	 1 1 	 0.587971
6 23 	 11 15 	 1 1 	 0.499249
6 11 	 13 14 	 1 1 	 0.550680
6 13 	 13 14 	 1 1 	 0.536844
6 30 	 13 1 	 1 1 	 0.595783
6 11 	 14 14 	 1 1 	 0.438535
6 13 	 14 13 	 1 1 	 0.569728
6 13 	 14 14 	 1 1 	 0.398846
6 13 	 14 15 	 1 1 	 0.564607
6 17 	 14 8 	 1 1 	 0.587326
6 17 	 14 9 	 1 1 	 0.394115
6 17 	 14 10 	 1 1 	 0.543787
6 23 	 14 9 	 1 1 	 0.460191
6 23 	 14 10 	 1 1 	 0.506928
6 11 	 15 14 	 1 1 	 0.391530
6 11 	 15 15 	 1 1 	 0.599438
6 13 	 15 14 	 1 1 	 0.545766
6 17 	 15 9 	 1 1 	 0.551738
6 23 	 15 9 	 1 1 	 0.549237
6 23 	 15 10 	 1 1 	 0.520004
7 19 	 1 7 	 1 1 	 0.499493
7 19 	 1 11 	 1 1 	 0.358788
7 19 	 1 12 	 1 1 	 0.420518
7 19 	 1 13 	 1 1 	 0.536627
7 19 	 1 16 	 1 1 	 0.483393
7 30 	 1 9 	 1 1 	 0.525681
7 13 	 2 10 	 1 1 	 0.582473
7 19 	 2 7 	 1 1 	 0.566163
7 19 	 2 11 	 1 1 	 0.445013
7 19 	 2 12 	 1 1 	 0.518152
7 19 	 2 13 	 1 1 	 0.579017
7 30 	 2 8 	 1 1 	 0.578022
7 30 	 2 9 	 1 1 	 0.420648
7 30 	 2 10 	 1 1 	 0.505051
7 13 	 3 8 	 1 1 	 0.599962
7 13 	 3 9 	 1 1 	 0.519780
7 13 	 3 10 	 1 1 	 0.385690
7 22 	 3 9 	 1 1 	 0.588118
7 22 	 3 10 	 1 1 	 0.506365
7 30 	 3 8 	 1 1 	 0.505392
7 30 	 3 9 	 1 1 	 0.470773
7 30 	 3 10 	 1 1 	 0.516778
7 13 	 4 9 	 1 1 	 0.435464
7 13 	 4 10 	 1 1 	 0.434351
7 22 	 4 8 	 1 1 	 0.557258
7 22 	 4 9 	 1 1 	 0.445974
7 22 	 4 10 	 1 1 	 0.479752
7 13 	 5 9 	 1 1 	 0.575210
7 13 	 5 10 	 1 1 	 0.506583
7 22 	 5 8 	 1 1 	 0.440596
7 22 	 5 9 	 1 1 	 0.448734
7 22 	 5 10 	 1 1 	 0.390245
7 30 	 5 10 	 1 1 	 0.585961
7 19 	 6 7 	 1 1 	 0.484840
7 19 	 6 8 	 1 1 	 0.557593
7 19 	 6 11 	 1 1 	 0.431759
7 19 	 6 12 	 1 1 	 0.569647
7 19 	 6 14 	 1 1 	 0.579356
7 30 	 6 8 	 1 1 	 0.582956
7 30 	 6 9 	 1 1 	 0.342958
7 30 	 6 10 	 1 1 	 0.465192
7 19 	 7 7 	 1 1 	 0.539983
7 19 	 7 8 	 1 1 	 0.527105
7 19 	 7 11 	 1 1 	 0.536118
7 19 	 7 14 	 1 1 	 0.549011
7 30 	 7 9 	 1 1 	 0.388492
7 30 	 7 10 	 1 1 	 0.470304
7 32 	 7 1 	 1 1 	 0.486830
7 19 	 8 7 	 1 1 	 0.498542
7 19 	 8 8 	 1 1 	 0.389346
7 19 	 8 9 	 1 1 	 0.476707
7 19 	 8 10 	 1 1 	 0.545785
7 19 	 8 11 	 1 1 	 0.539338
7 19 	 8 14 	 1 1 	 0.429710
7 19 	 8 15 	 1 1 	 0.524112
7 32 	 8 8 	 1 1 	 0.570391
7 10 	 9 14 	 1 1 	 0.576973
7 19 	 9 8 	 1 1 	 0.515909
7 19 	 9 9 	 1 1 	 0.436800
7 19 	 9 10 	 1 1 	 0.556211
7 19 	 9 14 	 1 1 	 0.597613
7 20 	 9 4 	 1 1 	 0.584489
7 32 	 9 7 	 1 1 	 0.559722
7 32 	 9 8 	 1 1 	 0.388554
7 32 	 9 9 	 1 1 	 0.525284
7 32 	 9 10 	 1 1 	 0.557299
7 10 	 9 15 	 1 0 	 0.499821
7 20 	 9 3 	 1 0 	 0.571763
7 20 	 9 5 	 1 0 	 0.493740
7 20 	 9 9 	 1 0 	 0.599679
7 20 	 9 10 	 1 0 	 0.478984
7 10 	 10 14 	 1 1 	 0.531201
7 19 	 10 8 	 1 1 	 0.466966
7 19 	 10 9 	 1 1 	 0.414144
7 19 	 10 10 	 1 1 	 0.575970
7 28 	 10 9 	 1 1 	 0.584755
7 32 	 10 1 	 1 1 	 0.582424
7 32 	 10 6 	 1 1 	 0.542042
7 32 	 10 7 	 1 1 	 0.533562
7 32 	 10 8 	 1 1 	 0.420013
7 32 	 10 10 	 1 1 	 0.554838
7 10 	 10 15 	 1 0 	 0.541636
7 30 	 11 9 	 1 1 	 0.429819
7 30 	 11 10 	 1 1 	 0.420647
7 32 	 11 1 	 1 1 	 0.381671
7 32 	 11 2 	 1 1 	 0.495654
7 32 	 11 6 	 1 1 	 0.489867
7 32 	 11 7 	 1 1 	 0.504701
7 32 	 11 8 	 1 1 	 0.561405
7 32 	 11 11 	 1 1 	 0.577392
7 21 	 12 1 	 1 1 	 0.494434
7 30 	 12 9 	 1 1 	 0.584717
7 30 	 12 10 	 1 1 	 0.501089
7 32 	 12 1 	 1 1 	 0.467920
7 32 	 12 2 	 1 1 	 0.542130
7 32 	 12 6 	 1 1 	 0.514371
7 32 	 12 7 	 1 1 	 0.466931
7 32 	 12 8 	 1 1 	 0.552715
7 32 	 12 11 	 1 1 	 0.467018
7 32 	 12 12 	 1 1 	 0.532545
7 32 	 12 13 	 1 1 	 0.532553
7 12 	 13 4 	 1 1 	 0.470304
7 19 	 13 14 	 1 1 	 0.511611
7 32 	 13 11 	 1 1 	 0.581010
7 32 	 13 13 	 1 1 	 0.557970
7 12 	 14 4 	 1 1 	 0.472852
7 12 	 14 10 	 1 1 	 0.468626
7 19 	 14 14 	 1 1 	 0.336001
7 19 	 14 15 	 1 1 	 0.515815
7 20 	 14 4 	 1 1 	 0.482002
7 12 	 14 9 	 1 0 	 0.583271
7 20 	 14 5 	 1 0 	 0.565633
7 12 	 15 4 	 1 1 	 0.472738
7 12 	 15 10 	 1 1 	 0.579098
7 18 	 15 4 	 1 1 	 0.503294
7 19 	 15 14 	 1 1 	 0.513674
7 20 	 15 4 	 1 1 	 0.591335
7 32 	 15 7 	 1 1 	 0.576336
7 32 	 15 8 	 1 1 	 0.516542
7 32 	 15 11 	 1 1 	 0.529111
7 20 	 15 5 	 1 0 	 0.592527
7 21 	 16 1 	 1 1 	 0.339096
7 21 	 16 2 	 1 1 	 0.481690
7 21 	 16 6 	 1 1 	 0.540063
7 22 	 16 16 	 1 1 	 0.553557
7 30 	 16 9 	 1 1 	 0.533161
7 30 	 16 10 	 1 1 	 0.388681
7 32 	 16 1 	 1 1 	 0.386882
7 32 	 16 2 	 1 1 	 0.454526
7 32 	 16 6 	 1 1 	 0.488885
7 32 	 16 7 	 1 1 	 0.491921
7 32 	 16 11 	 1 1 	 0.495125
7 32 	 16 12 	 1 1 	 0.517860
7 32 	 16 13 	 1 1 	 0.509594
8 27 	 1 7 	 1 1 	 0.516773
8 27 	 1 11 	 1 1 	 0.373150
8 27 	 1 12 	 1 1 	 0.427170
8 27 	 1 13 	 1 1 	 0.383393
8 27 	 1 14 	 1 1 	 0.322622
8 27 	 1 15 	 1 1 	 0.357574
8 27 	 2 2 	 1 1 	 0.554240
8 27 	 2 6 	 1 1 	 0.576267
8 27 	 2 7 	 1 1 	 0.530498
8 27 	 2 11 	 1 1 	 0.437946
8 27 	 2 12 	 1 1 	 0.544746
8 27 	 2 13 	 1 1 	 0.522073
8 27 	 2 14 	 1 1 	 0.435230
8 27 	 2 15 	 1 1 	 0.442765
8 27 	 3 7 	 1 1 	 0.565865
8 27 	 3 10 	 1 1 	 0.579691
8 27 	 3 11 	 1 1 	 0.479802
8 27 	 3 12 	 1 1 	 0.573295
8 27 	 6 1 	 1 1 	 0.483819
8 27 	 6 2 	 1 1 	 0.400011
8 27 	 6 6 	 1 1 	 0.475507
8 27 	 6 7 	 1 1 	 0.494743
8 27 	 6 11 	 1 1 	 0.453967
8 27 	 6 12 	 1 1 	 0.595815
8 27 	 6 13 	 1 1 	 0.549737
8 27 	 6 14 	 1 1 	 0.448738
8 27 	 6 15 	 1 1 	 0.385173
8 27 	 6 3 	 1 0 	 0.497242
8 27 	 6 4 	 1 0 	 0.589450
8 27 	 6 5 	 1 0 	 0.463915
8 27 	 7 1 	 1 1 	 0.481054
8 27 	 7 2 	 1 1 	 0.420118
8 27 	 7 6 	 1 1 	 0.559554
8 27 	 7 14 	 1 1 	 0.529394
8 27 	 7 15 	 1 1 	 0.463353
8 27 	 7 3 	 1 0 	 0.493240
8 27 	 7 5 	 1 0 	 0.417240
8 27 	 8 14 	 1 1 	 0.502659
8 27 	 8 15 	 1 1 	 0.488643
8 27 	 8 5 	 1 0 	 0.445647
8 27 	 9 14 	 1 1 	 0.424765
8 27 	 9 15 	 1 1 	 0.477103
8 9 	 9 8 	 1 0 	 0.530163
8 9 	 9 11 	 1 0 	 0.595532
8 27 	 9 5 	 1 0 	 0.521599
8 27 	 10 14 	 1 1 	 0.444876
8 27 	 10 15 	 1 1 	 0.539152
8 14 	 11 11 	 1 1 	 0.525287
8 14 	 11 12 	 1 1 	 0.597167
8 27 	 11 1 	 1 1 	 0.355452
8 27 	 11 2 	 1 1 	 0.361206
8 27 	 11 6 	 1 1 	 0.527143
8 27 	 11 3 	 1 0 	 0.512259
8 27 	 11 5 	 1 0 	 0.521220
8 14 	 12 11 	 1 1 	 0.562667
8 14 	 12 12 	 1 1 	 0.560097
8 27 	 12 1 	 1 1 	 0.411429
8 27 	 12 2 	 1 1 	 0.480140
8 14 	 13 11 	 1 1 	 0.575945
8 14 	 13 12 	 1 1 	 0.575797
8 27 	 13 1 	 1 1 	 0.574098
8 14 	 14 11 	 1 1 	 0.541996
8 14 	 14 12 	 1 1 	 0.585508
8 14 	 14 16 	 1 1 	 0.595929
8 14 	 14 6 	 1 0 	 0.536654
8 14 	 14 7 	 1 0 	 0.574891
8 14 	 15 11 	 1 1 	 0.360635
8 14 	 15 12 	 1 1 	 0.384493
8 14 	 15 13 	 1 1 	 0.571322
8 14 	 15 16 	 1 1 	 0.431871
8 27 	 15 1 	 1 1 	 0.497808
8 27 	 15 2 	 1 1 	 0.573936
8 14 	 15 6 	 1 0 	 0.491670
8 14 	 15 7 	 1 0 	 0.454744
8 27 	 16 1 	 1 1 	 0.503752
8 27 	 16 2 	 1 1 	 0.578548
8 29 	 16 1 	 1 1 	 0.527172
9 24 	 1 9 	 1 1 	 0.556659
9 24 	 2 8 	 1 1 	 0.493154
9 24 	 2 9 	 1 1 	 0.406224
9 24 	 2 10 	 1 1 	 0.517920
9 24 	 3 9 	 1 1 	 0.432733
9 24 	 3 10 	 1 1 	 0.530080
9 31 	 4 13 	 1 1 	 0.551334
9 24 	 5 9 	 1 1 	 0.427601
9 24 	 5 10 	 1 1 	 0.599663
9 31 	 5 10 	 1 1 	 0.460177
9 31 	 5 11 	 1 1 	 0.461787
9 31 	 5 12 	 1 1 	 0.494050
9 31 	 5 13 	 1 1 	 0.520310
9 24 	 6 8 	 1 1 	 0.419893
9 24 	 6 9 	 1 1 	 0.460852
9 24 	 6 10 	 1 1 	 0.508427
9 24 	 6 14 	 1 1 	 0.598618
9 24 	 7 8 	 1 1 	 0.504088
9 15 	 8 9 	 1 1 	 0.598369
9 24 	 8 7 	 1 1 	 0.545477
9 24 	 8 8 	 1 1 	 0.453470
9 24 	 8 10 	 1 1 	 0.503097
9 27 	 8 4 	 1 1 	 0.499028
9 27 	 8 5 	 1 1 	 0.507489
9 8 	 8 9 	 1 0 	 0.530163
9 27 	 8 15 	 1 0 	 0.589066
9 14 	 9 4 	 1 1 	 0.526152
9 14 	 9 9 	 1 1 	 0.485713
9 14 	 9 10 	 1 1 	 0.412025
9 15 	 9 9 	 1 1 	 0.469357
9 15 	 9 10 	 1 1 	 0.552914
9 24 	 9 10 	 1 1 	 0.551729
9 27 	 9 3 	 1 1 	 0.565621
9 27 	 9 4 	 1 1 	 0.406857
9 27 	 9 5 	 1 1 	 0.412621
9 14 	 10 10 	 1 1 	 0.591164
9 15 	 10 9 	 1 1 	 0.418022
9 15 	 10 10 	 1 1 	 0.502862
9 24 	 10 7 	 1 1 	 0.574443
9 24 	 10 8 	 1 1 	 0.440873
9 24 	 10 9 	 1 1 	 0.489422
9 24 	 10 10 	 1 1 	 0.361620
9 27 	 10 4 	 1 1 	 0.469739
9 27 	 10 5 	 1 1 	 0.552435
9 8 	 11 9 	 1 0 	 0.595532
9 14 	 13 4 	 1 1 	 0.417465
9 14 	 14 4 	 1 1 	 0.412045
9 14 	 14 9 	 1 1 	 0.566071
9 14 	 15 4 	 1 1 	 0.368825
9 14 	 15 5 	 1 1 	 0.521154
10 20 	 1 12 	 1 1 	 0.516924
10 20 	 1 16 	 1 1 	 0.332791
10 20 	 2 12 	 1 1 	 0.569105
10 20 	 2 16 	 1 1 	 0.369294
10 20 	 3 16 	 1 1 	 0.574610
10 20 	 6 12 	 1 1 	 0.558989
10 20 	 6 16 	 1 1 	 0.373985
10 20 	 7 12 	 1 1 	 0.511525
10 20 	 7 13 	 1 1 	 0.590025
10 20 	 7 16 	 1 1 	 0.376874
10 28 	 7 14 	 1 1 	 0.583472
10 28 	 7 15 	 1 1 	 0.580287
10 20 	 8 12 	 1 1 	 0.509798
10 20 	 8 13 	 1 1 	 0.531956
10 20 	 8 16 	 1 1 	 0.407185
10 28 	 8 14 	 1 1 	 0.454876
10 28 	 8 15 	 1 1 	 0.528584
10 26 	 8 4 	 1 0 	 0.537664
10 26 	 8 5 	 1 0 	 0.488396
10 26 	 9 4 	 1 0 	 0.504523
10 26 	 9 5 	 1 0 	 0.511850
10 26 	 10 4 	 1 0 	 0.410175
10 26 	 10 5 	 1 0 	 0.468630
10 20 	 11 12 	 1 1 	 0.512036
10 20 	 11 13 	 1 1 	 0.572482
10 20 	 11 16 	 1 1 	 0.429499
10 28 	 11 14 	 1 1 	 0.589881
10 28 	 11 15 	 1 1 	 0.529624
10 5 	 11 6 	 1 0 	 0.591958
10 20 	 12 1 	 1 1 	 0.475862
10 20 	 12 2 	 1 1 	 0.566282
10 20 	 12 6 	 1 1 	 0.599380
10 20 	 12 7 	 1 1 	 0.586819
10 20 	 12 11 	 1 1 	 0.554131
10 20 	 12 12 	 1 1 	 0.480702
10 20 	 12 13 	 1 1 	 0.546565
10 20 	 12 15 	 1 1 	 0.584276
10 20 	 12 16 	 1 1 	 0.456121
10 28 	 12 15 	 1 1 	 0.574813
10 5 	 12 6 	 1 0 	 0.585487
10 19 	 12 9 	 1 0 	 0.563948
10 20 	 13 13 	 1 1 	 0.599194
10 20 	 13 15 	 1 1 	 0.538541
10 28 	 13 10 	 1 1 	 0.489482
10 28 	 13 15 	 1 1 	 0.518789
10 5 	 13 6 	 1 0 	 0.557310
10 19 	 13 9 	 1 0 	 0.515055
10 28 	 13 9 	 1 0 	 0.538836
10 19 	 14 9 	 1 1 	 0.406781
10 28 	 14 9 	 1 1 	 0.368127
10 28 	 14 8 	 1 0 	 0.592339
10 28 	 14 10 	 1 0 	 0.445294
10 20 	 15 3 	 1 1 	 0.585759
10 20 	 15 7 	 1 1 	 0.587048
10 20 	 15 8 	 1 1 	 0.563151
10 20 	 15 10 	 1 1 	 0.497981
10 28 	 15 10 	 1 1 	 0.454462
10 5 	 15 13 	 1 0 	 0.538110
10 7 	 15 9 	 1 0 	 0.499821
10 7 	 15 10 	 1 0 	 0.541636
10 19 	 15 9 	 1 0 	 0.363639
10 19 	 15 10 	 1 0 	 0.523925
10 28 	 15 9 	 1 0 	 0.441125
10 20 	 16 1 	 1 1 	 0.284905
10 20 	 16 2 	 1 1 	 0.368099
10 20 	 16 3 	 1 1 	 0.484439
10 20 	 16 6 	 1 1 	 0.431924
10 20 	 16 7 	 1 1 	 0.476153
10 20 	 16 8 	 1 1 	 0.591676
10 20 	 16 11 	 1 1 	 0.493746
10 20 	 16 12 	 1 1 	 0.473677
10 20 	 16 13 	 1 1 	 0.598572
10 20 	 16 16 	 1 1 	 0.456355
10 19 	 16 9 	 1 0 	 0.492409
10 19 	 16 10 	 1 0 	 0.489191
11 16 	 1 7 	 1 1 	 0.596765
11 16 	 1 11 	 1 1 	 0.577197
11 16 	 1 12 	 1 1 	 0.487780
11 16 	 1 15 	 1 1 	 0.586953
11 16 	 1 16 	 1 1 	 0.372218
11 16 	 2 5 	 1 1 	 0.587566
11 16 	 2 7 	 1 1 	 0.577637
11 16 	 2 11 	 1 1 	 0.568451
11 16 	 2 12 	 1 1 	 0.514258
11 16 	 2 16 	 1 1 	 0.455414
11 21 	 3 4 	 1 1 	 0.559684
11 21 	 3 5 	 1 1 	 0.456908
11 30 	 3 4 	 1 1 	 0.556422
11 30 	 3 15 	 1 1 	 0.588527
11 16 	 3 5 	 1 0 	 0.528399
11 16 	 3 12 	 1 0 	 0.571308
11 16 	 3 13 	 1 0 	 0.591386
11 16 	 3 15 	 1 0 	 0.567805
11 16 	 3 16 	 1 0 	 0.565489
11 21 	 4 3 	 1 1 	 0.579016
11 21 	 4 4 	 1 1 	 0.549610
11 21 	 4 5 	 1 1 	 0.399514
11 22 	 4 14 	 1 1 	 0.409124
11 22 	 4 15 	 1 1 	 0.591793
11 30 	 4 3 	 1 1 	 0.565228
11 30 	 4 4 	 1 1 	 0.383578
11 30 	 4 5 	 1 1 	 0.391297
11 30 	 4 11 	 1 1 	 0.587117
11 30 	 4 15 	 1 1 	 0.564653
11 32 	 4 5 	 1 1 	 0.591355
11 16 	 4 5 	 1 0 	 0.526651
11 21 	 5 5 	 1 1 	 0.465843
11 22 	 5 14 	 1 1 	 0.578445
11 30 	 5 4 	 1 1 	 0.402969
11 30 	 5 5 	 1 1 	 0.516399
11 30 	 5 11 	 1 1 	 0.591514
11 30 	 5 12 	 1 1 	 0.595524
11 30 	 5 13 	 1 1 	 0.483801
11 30 	 5 15 	 1 1 	 0.388509
11 32 	 5 5 	 1 1 	 0.506517
11 16 	 5 4 	 1 0 	 0.441343
11 16 	 5 5 	 1 0 	 0.403844
11 16 	 5 11 	 1 0 	 0.597941
11 16 	 5 12 	 1 0 	 0.583494
11 16 	 5 13 	 1 0 	 0.550909
11 16 	 5 15 	 1 0 	 0.569970
11 30 	 5 14 	 1 0 	 0.549403
11 16 	 6 4 	 1 1 	 0.578100
11 16 	 6 5 	 1 1 	 0.448234
11 16 	 6 6 	 1 1 	 0.487986
11 16 	 6 7 	 1 1 	 0.416088
11 16 	 6 11 	 1 1 	 0.457578
11 16 	 6 12 	 1 1 	 0.479146
11 16 	 6 16 	 1 1 	 0.476084
11 16 	 7 1 	 1 1 	 0.595001
11 16 	 7 2 	 1 1 	 0.564972
11 16 	 7 3 	 1 1 	 0.575804
11 16 	 7 5 	 1 1 	 0.419564
11 16 	 7 6 	 1 1 	 0.409089
11 16 	 7 7 	 1 1 	 0.426649
11 16 	 7 11 	 1 1 	 0.535696
11 30 	 7 4 	 1 0 	 0.545307
11 30 	 7 5 	 1 0 	 0.590958
11 16 	 8 6 	 1 1 	 0.509462
11 16 	 8 7 	 1 1 	 0.556130
11 16 	 10 1 	 1 1 	 0.499401
11 16 	 10 2 	 1 1 	 0.547498
11 16 	 10 6 	 1 1 	 0.429675
11 16 	 10 7 	 1 1 	 0.512863
11 16 	 10 8 	 1 1 	 0.586253
11 16 	 11 1 	 1 1 	 0.558517
11 16 	 11 2 	 1 1 	 0.562830
11 16 	 11 3 	 1 1 	 0.563455
11 16 	 11 5 	 1 1 	 0.421970
11 16 	 11 6 	 1 1 	 0.464264
11 16 	 11 7 	 1 1 	 0.553801
11 30 	 11 4 	 1 0 	 0.447745
11 30 	 11 5 	 1 0 	 0.453739
11 16 	 12 1 	 1 1 	 0.464997
11 16 	 12 2 	 1 1 	 0.515916
11 16 	 12 3 	 1 1 	 0.542271
11 16 	 12 5 	 1 1 	 0.477738
11 16 	 12 6 	 1 1 	 0.488477
11 30 	 12 3 	 1 0 	 0.584081
11 30 	 12 4 	 1 0 	 0.470298
11 30 	 12 5 	 1 0 	 0.470808
11 13 	 13 4 	 1 1 	 0.576095
11 13 	 13 5 	 1 1 	 0.549695
11 30 	 13 3 	 1 1 	 0.391294
11 30 	 13 4 	 1 1 	 0.380826
11 30 	 13 5 	 1 1 	 0.348623
11 16 	 13 1 	 1 0 	 0.578281
11 16 	 13 3 	 1 0 	 0.582169
11 16 	 13 5 	 1 0 	 0.520143
11 13 	 14 13 	 1 1 	 0.444279
11 13 	 14 14 	 1 1 	 0.472476
11 13 	 14 15 	 1 1 	 0.454879
11 17 	 14 9 	 1 1 	 0.531621
11 30 	 14 1 	 1 1 	 0.563964
11 30 	 14 2 	 1 1 	 0.549942
11 30 	 14 3 	 1 1 	 0.427583
11 30 	 14 4 	 1 1 	 0.578918
11 30 	 14 5 	 1 1 	 0.483979
11 13 	 15 4 	 1 1 	 0.470731
11 13 	 15 5 	 1 1 	 0.540741
11 13 	 15 13 	 1 1 	 0.488469
11 13 	 15 14 	 1 1 	 0.532575
11 13 	 15 15 	 1 1 	 0.425871
11 17 	 15 9 	 1 1 	 0.564177
11 30 	 15 3 	 1 1 	 0.467692
11 30 	 15 4 	 1 1 	 0.544877
11 30 	 15 5 	 1 1 	 0.536096
11 16 	 16 1 	 1 1 	 0.401827
11 16 	 16 2 	 1 1 	 0.508148
11 16 	 16 6 	 1 1 	 0.522476
12 18 	 2 5 	 1 1 	 0.541940
12 18 	 3 4 	 1 1 	 0.548622
12 18 	 3 5 	 1 1 	 0.562255
12 18 	 4 4 	 1 1 	 0.431678
12 18 	 4 5 	 1 1 	 0.529925
12 32 	 4 13 	 1 1 	 0.579543
12 32 	 4 15 	 1 1 	 0.512844
12 18 	 5 3 	 1 1 	 0.504668
12 18 	 5 4 	 1 1 	 0.376049
12 18 	 5 5 	 1 1 	 0.374724
12 32 	 5 14 	 1 1 	 0.577620
12 32 	 5 15 	 1 1 	 0.464732
12 18 	 6 13 	 1 1 	 0.491808
12 18 	 6 14 	 1 1 	 0.551877
12 2 	 6 12 	 1 0 	 0.570684
12 2 	 6 16 	 1 0 	 0.445983
12 18 	 6 4 	 1 0 	 0.542079
12 18 	 6 5 	 1 0 	 0.491875
12 18 	 7 13 	 1 1 	 0.494159
12 18 	 7 14 	 1 1 	 0.450007
12 18 	 7 15 	 1 1 	 0.540701
12 2 	 7 12 	 1 0 	 0.569865
12 2 	 7 16 	 1 0 	 0.489081
12 18 	 8 13 	 1 1 	 0.585507
12 18 	 8 14 	 1 1 	 0.440891
12 20 	 8 5 	 1 1 	 0.588053
12 20 	 8 9 	 1 1 	 0.569868
12 29 	 8 8 	 1 1 	 0.571363
12 29 	 8 9 	 1 1 	 0.506793
12 2 	 8 12 	 1 0 	 0.587172
12 2 	 8 13 	 1 0 	 0.548151
12 2 	 8 15 	 1 0 	 0.592072
12 2 	 8 16 	 1 0 	 0.584988
12 20 	 8 4 	 1 0 	 0.552597
12 20 	 9 5 	 1 1 	 0.515633
12 29 	 9 8 	 1 1 	 0.472574
12 29 	 9 9 	 1 1 	 0.403199
12 29 	 9 10 	 1 1 	 0.516615
12 2 	 9 12 	 1 0 	 0.565333
12 2 	 9 13 	 1 0 	 0.429181
12 2 	 9 14 	 1 0 	 0.519425
12 2 	 9 15 	 1 0 	 0.366070
12 7 	 9 14 	 1 0 	 0.583271
12 20 	 9 4 	 1 0 	 0.378188
12 20 	 10 4 	 1 1 	 0.467725
12 20 	 10 5 	 1 0 	 0.570629
12 29 	 10 9 	 1 0 	 0.581402
12 18 	 11 14 	 1 1 	 0.550892
12 29 	 11 8 	 1 1 	 0.578860
12 2 	 11 12 	 1 0 	 0.532210
12 2 	 11 13 	 1 0 	 0.590238
12 2 	 11 16 	 1 0 	 0.486995
12 29 	 12 8 	 1 1 	 0.568176
12 2 	 12 7 	 1 0 	 0.577164
12 2 	 12 11 	 1 0 	 0.540765
12 2 	 12 12 	 1 0 	 0.476438
12 2 	 12 13 	 1 0 	 0.561685
12 2 	 12 16 	 1 0 	 0.461850
12 14 	 13 14 	 1 1 	 0.568078
12 14 	 13 15 	 1 1 	 0.589839
12 29 	 13 7 	 1 1 	 0.473451
12 29 	 13 8 	 1 1 	 0.428486
12 29 	 13 11 	 1 1 	 0.522022
12 2 	 13 7 	 1 0 	 0.556338
12 2 	 13 8 	 1 0 	 0.598273
12 2 	 13 11 	 1 0 	 0.572291
12 2 	 13 12 	 1 0 	 0.571699
12 2 	 13 15 	 1 0 	 0.570923
12 14 	 14 14 	 1 1 	 0.559554
12 14 	 14 15 	 1 1 	 0.533612
12 27 	 14 8 	 1 1 	 0.567408
12 29 	 14 6 	 1 1 	 0.512375
12 29 	 14 7 	 1 1 	 0.441503
12 29 	 14 8 	 1 1 	 0.526057
12 29 	 14 11 	 1 1 	 0.552764
12 14 	 15 14 	 1 1 	 0.396529
12 14 	 15 15 	 1 1 	 0.452080
12 27 	 15 6 	 1 1 	 0.524550
12 27 	 15 7 	 1 1 	 0.595006
12 27 	 15 8 	 1 1 	 0.529959
12 29 	 15 7 	 1 1 	 0.530856
12 29 	 15 8 	 1 1 	 0.518287
12 2 	 15 7 	 1 0 	 0.456503
12 2 	 15 8 	 1 0 	 0.441606
12 2 	 15 11 	 1 0 	 0.537286
12 2 	 15 15 	 1 0 	 0.546009
12 2 	 16 7 	 1 0 	 0.468636
12 2 	 16 11 	 1 0 	 0.460522
12 2 	 16 12 	 1 0 	 0.435887
12 2 	 16 13 	 1 0 	 0.585765
12 2 	 16 16 	 1 0 	 0.396454
13 30 	 1 11 	 1 1 	 0.576349
13 30 	 1 12 	 1 1 	 0.475698
13 30 	 1 13 	 1 1 	 0.522350
13 30 	 1 16 	 1 1 	 0.375544
13 31 	 1 1 	 1 1 	 0.525126
13 31 	 1 12 	 1 0 	 0.535136
13 31 	 1 15 	 1 0 	 0.527361
13 31 	 1 16 	 1 0 	 0.371435
13 30 	 2 7 	 1 1 	 0.573393
13 30 	 2 11 	 1 1 	 0.572871
13 30 	 2 12 	 1 1 	 0.515055
13 30 	 2 13 	 1 1 	 0.548118
13 30 	 2 16 	 1 1 	 0.469576
13 31 	 2 15 	 1 0 	 0.484365
13 31 	 2 16 	 1 0 	 0.435188
13 30 	 3 7 	 1 1 	 0.593509
13 30 	 3 11 	 1 1 	 0.591603
13 30 	 3 12 	 1 1 	 0.561052
13 30 	 3 13 	 1 1 	 0.536558
13 30 	 3 16 	 1 1 	 0.570876
13 16 	 3 3 	 1 0 	 0.575802
13 16 	 3 4 	 1 0 	 0.594222
13 31 	 3 13 	 1 0 	 0.593371
13 31 	 3 14 	 1 0 	 0.525016
13 31 	 3 15 	 1 0 	 0.392372
13 31 	 3 16 	 1 0 	 0.518222
13 30 	 4 3 	 1 1 	 0.523581
13 30 	 4 4 	 1 1 	 0.564082
13 16 	 4 3 	 1 0 	 0.537964
13 31 	 4 15 	 1 0 	 0.543569
13 30 	 5 3 	 1 1 	 0.484367
13 30 	 5 4 	 1 1 	 0.419262
13 30 	 5 5 	 1 1 	 0.599480
13 30 	 5 13 	 1 1 	 0.541783
13 16 	 5 2 	 1 0 	 0.568902
13 16 	 5 3 	 1 0 	 0.377185
13 16 	 5 4 	 1 0 	 0.454583
13 16 	 5 5 	 1 0 	 0.437323
13 31 	 5 14 	 1 0 	 0.554865
13 31 	 5 15 	 1 0 	 0.423421
13 30 	 6 6 	 1 1 	 0.480984
13 30 	 6 7 	 1 1 	 0.430043
13 30 	 6 8 	 1 1 	 0.489545
13 30 	 6 11 	 1 1 	 0.487813
13 30 	 6 12 	 1 1 	 0.497406
13 30 	 6 16 	 1 1 	 0.497318
13 30 	 7 2 	 1 1 	 0.592437
13 30 	 7 6 	 1 1 	 0.434941
13 30 	 7 7 	 1 1 	 0.455733
13 30 	 7 8 	 1 1 	 0.520540
13 30 	 7 11 	 1 1 	 0.583296
13 30 	 8 6 	 1 1 	 0.535965
13 30 	 8 7 	 1 1 	 0.551308
13 30 	 8 8 	 1 1 	 0.538112
13 22 	 9 9 	 1 1 	 0.474232
13 22 	 9 10 	 1 1 	 0.540449
13 30 	 9 8 	 1 1 	 0.593796
13 22 	 10 9 	 1 1 	 0.524746
13 22 	 10 10 	 1 1 	 0.494838
13 30 	 10 6 	 1 1 	 0.523377
13 30 	 10 7 	 1 1 	 0.491727
13 30 	 10 8 	 1 1 	 0.399222
13 30 	 10 9 	 1 1 	 0.551549
13 30 	 10 10 	 1 1 	 0.578572
13 30 	 11 1 	 1 1 	 0.567288
13 30 	 11 2 	 1 1 	 0.583765
13 30 	 11 6 	 1 1 	 0.484183
13 30 	 11 7 	 1 1 	 0.577926
13 30 	 12 1 	 1 1 	 0.458299
13 30 	 12 2 	 1 1 	 0.521518
13 30 	 12 3 	 1 1 	 0.574788
13 30 	 12 6 	 1 1 	 0.495133
13 30 	 13 1 	 1 1 	 0.460976
13 30 	 13 2 	 1 1 	 0.520828
13 30 	 13 3 	 1 1 	 0.521898
13 30 	 13 6 	 1 1 	 0.567702
13 17 	 14 9 	 1 1 	 0.471547
13 17 	 14 10 	 1 1 	 0.594174
13 17 	 15 9 	 1 1 	 0.546010
13 30 	 16 1 	 1 1 	 0.387611
13 30 	 16 2 	 1 1 	 0.500547
13 30 	 16 6 	 1 1 	 0.509332
14 8 	 6 14 	 1 0 	 0.536654
14 8 	 6 15 	 1 0 	 0.491670
14 27 	 7 3 	 1 1 	 0.492191
14 27 	 7 5 	 1 1 	 0.577018
14 8 	 7 14 	 1 0 	 0.574891
14 8 	 7 15 	 1 0 	 0.454744
14 27 	 7 1 	 1 0 	 0.483292
14 27 	 7 2 	 1 0 	 0.516261
14 15 	 8 5 	 1 1 	 0.593283
14 27 	 8 3 	 1 1 	 0.500843
14 15 	 9 4 	 1 1 	 0.452290
14 15 	 9 5 	 1 1 	 0.526080
14 15 	 9 9 	 1 1 	 0.579007
14 15 	 9 10 	 1 1 	 0.523883
14 27 	 9 3 	 1 1 	 0.583891
14 15 	 10 9 	 1 1 	 0.539797
14 15 	 10 10 	 1 1 	 0.572843
14 27 	 10 3 	 1 1 	 0.378669
14 27 	 10 4 	 1 1 	 0.450745
14 27 	 10 5 	 1 1 	 0.416904
14 27 	 10 2 	 1 0 	 0.563926
14 27 	 11 1 	 1 1 	 0.369366
14 27 	 11 2 	 1 1 	 0.458230
14 4 	 11 12 	 1 0 	 0.555725
14 4 	 11 13 	 1 0 	 0.578666
14 4 	 11 16 	 1 0 	 0.503154
14 27 	 11 3 	 1 0 	 0.528250
14 27 	 12 1 	 1 1 	 0.446771
14 27 	 12 2 	 1 1 	 0.577369
14 4 	 12 13 	 1 0 	 0.564246
14 4 	 12 15 	 1 0 	 0.520350
14 4 	 12 16 	 1 0 	 0.559619
14 27 	 13 1 	 1 1 	 0.399455
14 27 	 13 2 	 1 1 	 0.526977
14 29 	 13 10 	 1 1 	 0.540296
14 2 	 13 15 	 1 0 	 0.573674
14 4 	 13 12 	 1 0 	 0.567213
14 4 	 13 13 	 1 0 	 0.476908
14 4 	 13 15 	 1 0 	 0.485228
14 4 	 13 16 	 1 0 	 0.591291
14 27 	 14 1 	 1 1 	 0.344962
14 27 	 14 2 	 1 1 	 0.420774
14 27 	 14 6 	 1 1 	 0.420289
14 29 	 14 8 	 1 1 	 0.572919
14 2 	 14 8 	 1 0 	 0.420576
14 2 	 14 9 	 1 0 	 0.472505
14 2 	 14 10 	 1 0 	 0.538558
14 2 	 14 14 	 1 0 	 0.583322
14 2 	 14 15 	 1 0 	 0.439765
14 27 	 14 3 	 1 0 	 0.527016
14 27 	 15 1 	 1 1 	 0.353541
14 27 	 15 2 	 1 1 	 0.484321
14 27 	 15 6 	 1 1 	 0.520549
14 29 	 15 1 	 1 1 	 0.510304
14 29 	 15 2 	 1 1 	 0.546618
14 29 	 15 6 	 1 1 	 0.441443
14 29 	 15 7 	 1 1 	 0.497078
14 29 	 15 8 	 1 1 	 0.470132
14 29 	 15 10 	 1 1 	 0.495456
14 2 	 15 15 	 1 0 	 0.591267
14 4 	 16 15 	 1 0 	 0.503815
14 4 	 16 16 	 1 0 	 0.598668
15 2 	 1 6 	 1 0 	 0.513464
15 2 	 2 6 	 1 0 	 0.557309
15 24 	 7 5 	 1 1 	 0.569257
15 24 	 8 2 	 1 1 	 0.564902
15 24 	 8 5 	 1 1 	 0.598533
15 24 	 8 6 	 1 1 	 0.585863
15 24 	 8 10 	 1 1 	 0.470601
15 24 	 9 2 	 1 1 	 0.583776
15 24 	 9 6 	 1 1 	 0.505498
15 24 	 9 7 	 1 1 	 0.577883
15 24 	 9 8 	 1 1 	 0.553846
15 24 	 9 9 	 1 1 	 0.579574
15 24 	 9 10 	 1 1 	 0.371237
15 27 	 9 3 	 1 1 	 0.556050
15 27 	 9 4 	 1 1 	 0.359033
15 27 	 9 5 	 1 1 	 0.557781
15 24 	 10 10 	 1 1 	 0.481924
15 27 	 10 4 	 1 1 	 0.553682
15 24 	 11 5 	 1 1 	 0.479144
15 24 	 12 5 	 1 1 	 0.581079
15 24 	 13 5 	 1 1 	 0.572906
15 24 	 14 5 	 1 1 	 0.513281
15 24 	 14 9 	 1 1 	 0.596600
15 31 	 14 9 	 1 1 	 0.563677
15 31 	 14 10 	 1 1 	 0.532431
15 24 	 15 3 	 1 1 	 0.574334
15 24 	 15 4 	 1 1 	 0.531456
15 24 	 15 5 	 1 1 	 0.386984
15 31 	 15 9 	 1 1 	 0.452884
15 31 	 15 10 	 1 1 	 0.507805
16 11 	 1 13 	 1 0 	 0.578281
16 13 	 2 5 	 1 0 	 0.568902
16 31 	 3 14 	 1 1 	 0.555532
16 31 	 3 15 	 1 1 	 0.461460
16 11 	 3 13 	 1 0 	 0.582169
16 13 	 3 3 	 1 0 	 0.575802
16 13 	 3 4 	 1 0 	 0.537964
16 13 	 3 5 	 1 0 	 0.377185
16 30 	 3 4 	 1 0 	 0.499628
16 30 	 4 14 	 1 1 	 0.407876
16 31 	 4 15 	 1 1 	 0.470443
16 11 	 4 5 	 1 0 	 0.441343
16 13 	 4 3 	 1 0 	 0.594222
16 13 	 4 5 	 1 0 	 0.454583
16 30 	 4 4 	 1 0 	 0.472897
16 30 	 4 13 	 1 0 	 0.410686
16 30 	 4 15 	 1 0 	 0.446904
16 11 	 5 3 	 1 0 	 0.528399
16 11 	 5 4 	 1 0 	 0.526651
16 11 	 5 5 	 1 0 	 0.403844
16 11 	 5 13 	 1 0 	 0.520143
16 13 	 5 5 	 1 0 	 0.437323
16 30 	 5 3 	 1 0 	 0.597405
16 30 	 5 4 	 1 0 	 0.331130
16 30 	 5 5 	 1 0 	 0.523573
16 30 	 5 13 	 1 0 	 0.545452
16 30 	 5 15 	 1 0 	 0.579445
16 11 	 11 5 	 1 0 	 0.597941
16 11 	 12 3 	 1 0 	 0.571308
16 11 	 12 5 	 1 0 	 0.583494
16 30 	 13 14 	 1 1 	 0.435030
16 31 	 13 9 	 1 1 	 0.543633
16 11 	 13 3 	 1 0 	 0.591386
16 11 	 13 5 	 1 0 	 0.550909
16 30 	 13 15 	 1 0 	 0.474758
16 32 	 13 4 	 1 0 	 0.587595
16 24 	 14 4 	 1 1 	 0.552436
16 30 	 14 14 	 1 1 	 0.510500
16 31 	 14 4 	 1 1 	 0.427112
16 31 	 14 9 	 1 1 	 0.509023
16 30 	 14 15 	 1 0 	 0.548124
16 32 	 14 4 	 1 0 	 0.449488
16 32 	 14 5 	 1 0 	 0.596858
16 30 	 15 14 	 1 1 	 0.541419
16 31 	 15 4 	 1 1 	 0.577646
16 11 	 15 3 	 1 0 	 0.567805
16 11 	 15 5 	 1 0 	 0.569970
16 30 	 15 15 	 1 0 	 0.503694
16 32 	 15 4 	 1 0 	 0.413833
16 32 	 15 5 	 1 0 	 0.505824
16 11 	 16 3 	 1 0 	 0.565489
17 26 	 1 1 	 1 1 	 0.441589
17 26 	 1 2 	 1 1 	 0.481777
17 26 	 1 6 	 1 1 	 0.395316
17 26 	 1 7 	 1 1 	 0.522172
17 26 	 1 8 	 1 1 	 0.459959
17 26 	 1 9 	 1 1 	 0.385531
17 26 	 1 10 	 1 1 	 0.339043
17 28 	 1 12 	 1 1 	 0.468058
17 28 	 1 16 	 1 1 	 0.275688
17 28 	 1 13 	 1 0 	 0.526514
17 26 	 2 1 	 1 1 	 0.562214
17 26 	 2 2 	 1 1 	 0.568117
17 26 	 2 6 	 1 1 	 0.441838
17 26 	 2 7 	 1 1 	 0.518176
17 26 	 2 8 	 1 1 	 0.440733
17 26 	 2 9 	 1 1 	 0.330929
17 26 	 2 10 	 1 1 	 0.375537
17 28 	 2 12 	 1 1 	 0.549549
17 28 	 2 16 	 1 1 	 0.371637
17 28 	 2 13 	 1 0 	 0.538458
17 26 	 3 1 	 1 1 	 0.588789
17 26 	 3 2 	 1 1 	 0.535389
17 26 	 3 3 	 1 1 	 0.548273
17 26 	 3 5 	 1 1 	 0.431932
17 26 	 3 6 	 1 1 	 0.396092
17 26 	 3 7 	 1 1 	 0.429840
17 26 	 3 8 	 1 1 	 0.441436
17 26 	 3 9 	 1 1 	 0.454205
17 26 	 3 10 	 1 1 	 0.502737
17 26 	 3 11 	 1 1 	 0.554737
17 28 	 3 12 	 1 1 	 0.579241
17 28 	 3 16 	 1 1 	 0.461764
17 28 	 3 13 	 1 0 	 0.485528
17 28 	 3 14 	 1 0 	 0.442188
17 28 	 3 15 	 1 0 	 0.545828
17 26 	 4 4 	 1 1 	 0.591397
17 26 	 4 5 	 1 1 	 0.463299
17 26 	 4 6 	 1 1 	 0.523559
17 26 	 4 7 	 1 1 	 0.436954
17 26 	 4 8 	 1 1 	 0.469805
17 26 	 4 9 	 1 1 	 0.546978
17 26 	 4 11 	 1 1 	 0.465152
17 26 	 4 14 	 1 1 	 0.586967
17 28 	 4 14 	 1 0 	 0.564832
17 28 	 5 14 	 1 1 	 0.583618
17 26 	 5 6 	 1 0 	 0.598619
17 26 	 5 7 	 1 0 	 0.562603
17 26 	 5 8 	 1 0 	 0.523399
17 26 	 5 9 	 1 0 	 0.475905
17 26 	 6 9 	 1 1 	 0.426282
17 26 	 6 10 	 1 1 	 0.517353
17 28 	 6 16 	 1 1 	 0.437138
17 28 	 6 13 	 1 0 	 0.585391
17 28 	 7 16 	 1 1 	 0.474351
17 23 	 7 8 	 1 0 	 0.496932
17 23 	 7 9 	 1 0 	 0.501521
17 23 	 7 10 	 1 0 	 0.511488
17 28 	 7 13 	 1 0 	 0.568551
17 20 	 8 14 	 1 1 	 0.499297
17 23 	 8 8 	 1 1 	 0.482474
17 23 	 8 9 	 1 1 	 0.358211
17 23 	 8 10 	 1 1 	 0.409883
17 28 	 8 13 	 1 1 	 0.588094
17 20 	 9 14 	 1 1 	 0.578837
17 23 	 9 9 	 1 1 	 0.447904
17 23 	 9 10 	 1 1 	 0.491216
17 20 	 10 13 	 1 1 	 0.580374
17 20 	 10 14 	 1 1 	 0.390159
17 20 	 10 15 	 1 1 	 0.584139
17 23 	 10 9 	 1 1 	 0.468044
17 23 	 10 10 	 1 1 	 0.577392
17 28 	 10 13 	 1 1 	 0.531880
17 28 	 10 14 	 1 1 	 0.505249
17 25 	 11 14 	 1 1 	 0.536763
17 28 	 11 12 	 1 1 	 0.570268
17 28 	 11 16 	 1 1 	 0.468167
17 23 	 11 8 	 1 0 	 0.473132
17 23 	 11 9 	 1 0 	 0.562749
17 23 	 11 10 	 1 0 	 0.577599
17 28 	 11 13 	 1 0 	 0.589492
17 25 	 12 14 	 1 1 	 0.421257
17 25 	 12 15 	 1 1 	 0.576146
17 28 	 12 1 	 1 1 	 0.512595
17 28 	 12 2 	 1 1 	 0.564009
17 28 	 12 3 	 1 1 	 0.586073
17 28 	 12 5 	 1 1 	 0.576299
17 28 	 12 6 	 1 1 	 0.584276
17 28 	 12 7 	 1 1 	 0.553600
17 28 	 12 11 	 1 1 	 0.535844
17 28 	 12 12 	 1 1 	 0.482727
17 28 	 12 16 	 1 1 	 0.435434
17 23 	 12 8 	 1 0 	 0.599431
17 25 	 12 13 	 1 0 	 0.560596
17 28 	 12 13 	 1 0 	 0.564012
17 23 	 13 8 	 1 1 	 0.540094
17 25 	 13 9 	 1 1 	 0.592528
17 25 	 13 10 	 1 1 	 0.589904
17 25 	 13 13 	 1 1 	 0.474766
17 28 	 13 8 	 1 1 	 0.564884
17 28 	 13 10 	 1 1 	 0.591589
17 28 	 13 13 	 1 1 	 0.590109
17 25 	 13 14 	 1 0 	 0.464956
17 25 	 13 15 	 1 0 	 0.562689
17 28 	 13 5 	 1 0 	 0.548744
17 28 	 13 7 	 1 0 	 0.580686
17 28 	 13 11 	 1 0 	 0.583699
17 28 	 13 12 	 1 0 	 0.565273
17 28 	 13 16 	 1 0 	 0.581878
17 18 	 14 8 	 1 1 	 0.595429
17 18 	 14 9 	 1 1 	 0.471446
17 23 	 14 7 	 1 1 	 0.576211
17 23 	 14 8 	 1 1 	 0.443680
17 23 	 14 9 	 1 1 	 0.536379
17 23 	 14 11 	 1 1 	 0.545238
17 23 	 14 12 	 1 1 	 0.487398
17 23 	 14 13 	 1 1 	 0.450495
17 23 	 14 16 	 1 1 	 0.514710
17 25 	 14 9 	 1 1 	 0.555631
17 25 	 14 10 	 1 1 	 0.460209
17 25 	 14 13 	 1 1 	 0.499474
17 18 	 15 9 	 1 1 	 0.427535
17 20 	 15 14 	 1 1 	 0.461102
17 20 	 15 15 	 1 1 	 0.472720
17 23 	 15 8 	 1 1 	 0.546449
17 23 	 15 9 	 1 1 	 0.547566
17 23 	 15 13 	 1 1 	 0.589859
17 25 	 15 10 	 1 1 	 0.582086
17 28 	 15 10 	 1 1 	 0.530303
17 28 	 15 13 	 1 1 	 0.537223
17 25 	 16 14 	 1 1 	 0.432707
17 25 	 16 15 	 1 1 	 0.579187
17 28 	 16 1 	 1 1 	 0.322899
17 28 	 16 2 	 1 1 	 0.399830
17 28 	 16 3 	 1 1 	 0.473391
17 28 	 16 5 	 1 1 	 0.545691
17 28 	 16 6 	 1 1 	 0.461190
17 28 	 16 7 	 1 1 	 0.489460
17 28 	 16 11 	 1 1 	 0.489329
17 28 	 16 12 	 1 1 	 0.460648
17 28 	 16 16 	 1 1 	 0.395460
18 25 	 1 8 	 1 1 	 0.467720
18 32 	 1 15 	 1 1 	 0.575991
18 25 	 1 1 	 1 0 	 0.449088
18 25 	 1 2 	 1 0 	 0.470618
18 25 	 1 3 	 1 0 	 0.595277
18 25 	 1 6 	 1 0 	 0.364593
18 25 	 1 7 	 1 0 	 0.447563
18 25 	 2 8 	 1 1 	 0.462261
18 32 	 2 12 	 1 1 	 0.545995
18 32 	 2 15 	 1 1 	 0.502169
18 32 	 2 16 	 1 1 	 0.581284
18 25 	 2 1 	 1 0 	 0.487764
18 25 	 2 2 	 1 0 	 0.539914
18 25 	 2 6 	 1 0 	 0.452568
18 25 	 2 7 	 1 0 	 0.515455
18 25 	 2 10 	 1 0 	 0.590864
18 32 	 3 11 	 1 1 	 0.573922
18 32 	 3 12 	 1 1 	 0.505159
18 32 	 3 13 	 1 1 	 0.528230
18 32 	 3 14 	 1 1 	 0.574673
18 32 	 3 15 	 1 1 	 0.361837
18 32 	 3 16 	 1 1 	 0.587136
18 32 	 4 11 	 1 1 	 0.599374
18 32 	 4 12 	 1 1 	 0.595957
18 32 	 4 13 	 1 1 	 0.595122
18 32 	 4 15 	 1 1 	 0.476941
18 12 	 4 6 	 1 0 	 0.542079
18 20 	 4 9 	 1 0 	 0.589753
18 32 	 5 15 	 1 1 	 0.485121
18 12 	 5 6 	 1 0 	 0.491875
18 25 	 6 1 	 1 1 	 0.371911
18 25 	 6 2 	 1 1 	 0.443319
18 25 	 6 6 	 1 1 	 0.402206
18 25 	 6 7 	 1 1 	 0.478412
18 25 	 6 9 	 1 1 	 0.584756
18 25 	 6 10 	 1 1 	 0.463595
18 25 	 6 8 	 1 0 	 0.419005
18 20 	 7 9 	 1 1 	 0.596076
18 25 	 7 1 	 1 1 	 0.466014
18 25 	 7 2 	 1 1 	 0.544744
18 25 	 7 6 	 1 1 	 0.534834
18 25 	 7 7 	 1 1 	 0.578867
18 25 	 7 9 	 1 1 	 0.523105
18 25 	 7 10 	 1 1 	 0.402681
18 25 	 7 8 	 1 0 	 0.465399
18 32 	 7 9 	 1 0 	 0.571390
18 20 	 8 8 	 1 1 	 0.565618
18 20 	 8 9 	 1 1 	 0.417214
18 20 	 8 10 	 1 1 	 0.432224
18 25 	 8 9 	 1 1 	 0.481934
18 25 	 8 10 	 1 1 	 0.422982
18 25 	 8 8 	 1 0 	 0.555257
18 32 	 8 9 	 1 0 	 0.428320
18 20 	 9 7 	 1 1 	 0.571686
18 20 	 9 8 	 1 1 	 0.398434
18 20 	 9 9 	 1 1 	 0.415623
18 20 	 9 10 	 1 1 	 0.358669
18 20 	 9 15 	 1 1 	 0.551126
18 23 	 9 13 	 1 1 	 0.561046
18 23 	 9 14 	 1 1 	 0.584157
18 25 	 9 9 	 1 1 	 0.567995
18 25 	 9 10 	 1 1 	 0.537204
18 28 	 9 10 	 1 1 	 0.577538
18 29 	 9 14 	 1 1 	 0.564202
18 32 	 9 9 	 1 0 	 0.488600
18 20 	 10 8 	 1 1 	 0.424142
18 20 	 10 9 	 1 1 	 0.331823
18 20 	 10 10 	 1 1 	 0.403554
18 23 	 10 13 	 1 1 	 0.522813
18 23 	 10 14 	 1 1 	 0.444536
18 29 	 10 14 	 1 1 	 0.484902
18 29 	 10 15 	 1 1 	 0.526295
18 23 	 11 13 	 1 1 	 0.593724
18 23 	 11 14 	 1 1 	 0.506797
18 23 	 11 16 	 1 1 	 0.566938
18 25 	 11 1 	 1 1 	 0.401130
18 25 	 11 2 	 1 1 	 0.523515
18 25 	 11 6 	 1 1 	 0.581416
18 25 	 11 10 	 1 1 	 0.552272
18 23 	 12 14 	 1 1 	 0.556573
18 25 	 12 1 	 1 1 	 0.418632
18 25 	 12 2 	 1 1 	 0.569909
18 23 	 13 14 	 1 1 	 0.563972
18 20 	 14 9 	 1 1 	 0.399959
18 23 	 14 14 	 1 1 	 0.530705
18 29 	 14 13 	 1 1 	 0.573191
18 29 	 14 14 	 1 1 	 0.543745
18 29 	 14 15 	 1 1 	 0.408943
18 20 	 15 9 	 1 1 	 0.593287
18 23 	 15 14 	 1 1 	 0.398287
18 23 	 15 15 	 1 1 	 0.597087
18 29 	 15 14 	 1 1 	 0.591503
18 29 	 15 15 	 1 1 	 0.453343
18 25 	 16 1 	 1 1 	 0.347541
18 25 	 16 2 	 1 1 	 0.498403
18 25 	 16 6 	 1 1 	 0.595047
19 20 	 8 3 	 1 0 	 0.578694
19 10 	 9 12 	 1 0 	 0.563948
19 10 	 9 13 	 1 0 	 0.515055
19 10 	 9 15 	 1 0 	 0.363639
19 10 	 9 16 	 1 0 	 0.492409
19 20 	 9 3 	 1 0 	 0.511339
19 20 	 10 4 	 1 1 	 0.591971
19 10 	 10 15 	 1 0 	 0.523925
19 10 	 10 16 	 1 0 	 0.489191
19 20 	 10 1 	 1 0 	 0.518838
19 20 	 10 2 	 1 0 	 0.511861
19 20 	 10 3 	 1 0 	 0.409421
19 20 	 10 5 	 1 0 	 0.583737
19 20 	 14 4 	 1 1 	 0.484312
19 20 	 15 4 	 1 1 	 0.440613
19 4 	 15 14 	 1 0 	 0.523249
19 20 	 15 3 	 1 0 	 0.528020
20 19 	 1 10 	 1 0 	 0.518838
20 29 	 2 9 	 1 1 	 0.477025
20 29 	 2 10 	 1 1 	 0.513274
20 19 	 2 10 	 1 0 	 0.511861
20 29 	 3 9 	 1 1 	 0.458486
20 29 	 3 10 	 1 1 	 0.537998
20 4 	 3 15 	 1 0 	 0.550244
20 7 	 3 9 	 1 0 	 0.571763
20 19 	 3 8 	 1 0 	 0.578694
20 19 	 3 9 	 1 0 	 0.511339
20 19 	 3 10 	 1 0 	 0.409421
20 19 	 3 15 	 1 0 	 0.528020
20 4 	 4 14 	 1 0 	 0.469483
20 12 	 4 8 	 1 0 	 0.552597
20 12 	 4 9 	 1 0 	 0.378188
20 29 	 4 9 	 1 0 	 0.391783
20 29 	 4 10 	 1 0 	 0.509648
20 29 	 5 9 	 1 1 	 0.413717
20 29 	 5 10 	 1 1 	 0.579055
20 7 	 5 9 	 1 0 	 0.493740
20 7 	 5 14 	 1 0 	 0.565633
20 7 	 5 15 	 1 0 	 0.592527
20 12 	 5 10 	 1 0 	 0.570629
20 19 	 5 10 	 1 0 	 0.583737
20 29 	 6 9 	 1 1 	 0.442834
20 29 	 6 10 	 1 1 	 0.530702
20 29 	 6 13 	 1 1 	 0.476876
20 29 	 6 14 	 1 1 	 0.585769
20 29 	 7 9 	 1 1 	 0.582568
20 29 	 7 13 	 1 1 	 0.458296
20 29 	 7 14 	 1 1 	 0.456181
20 29 	 7 15 	 1 1 	 0.584165
20 29 	 8 9 	 1 1 	 0.598119
20 29 	 8 13 	 1 1 	 0.500393
20 29 	 8 14 	 1 1 	 0.446546
20 29 	 8 15 	 1 1 	 0.544767
20 29 	 9 9 	 1 1 	 0.582066
20 29 	 9 13 	 1 1 	 0.578489
20 29 	 9 14 	 1 1 	 0.548020
20 29 	 9 15 	 1 1 	 0.545771
20 7 	 9 9 	 1 0 	 0.599679
20 18 	 9 4 	 1 0 	 0.589753
20 28 	 10 10 	 1 1 	 0.596838
20 7 	 10 9 	 1 0 	 0.478984
20 32 	 10 8 	 1 0 	 0.585681
20 32 	 10 9 	 1 0 	 0.460231
20 29 	 11 13 	 1 1 	 0.537008
20 29 	 11 14 	 1 1 	 0.495538
20 28 	 12 14 	 1 1 	 0.533942
20 28 	 13 13 	 1 1 	 0.483331
20 28 	 13 14 	 1 1 	 0.352879
20 28 	 13 15 	 1 1 	 0.474133
20 23 	 14 9 	 1 1 	 0.545995
20 28 	 14 13 	 1 1 	 0.402112
20 28 	 14 14 	 1 1 	 0.411380
20 28 	 14 15 	 1 1 	 0.532986
20 28 	 15 10 	 1 1 	 0.514120
20 28 	 15 13 	 1 1 	 0.353679
20 28 	 15 14 	 1 1 	 0.393856
20 28 	 15 15 	 1 1 	 0.432283
20 28 	 15 12 	 1 0 	 0.560066
21 22 	 1 12 	 1 1 	 0.578683
21 22 	 1 16 	 1 1 	 0.404733
21 32 	 1 1 	 1 1 	 0.514562
21 32 	 1 2 	 1 1 	 0.481853
21 32 	 1 5 	 1 1 	 0.597429
21 32 	 1 6 	 1 1 	 0.526031
21 32 	 1 7 	 1 1 	 0.524542
21 32 	 1 11 	 1 1 	 0.473731
21 32 	 1 12 	 1 1 	 0.393381
21 32 	 1 13 	 1 1 	 0.400949
21 32 	 1 16 	 1 1 	 0.383971
21 22 	 2 16 	 1 1 	 0.449119
21 32 	 2 1 	 1 1 	 0.570580
21 32 	 2 2 	 1 1 	 0.500707
21 32 	 2 5 	 1 1 	 0.507847
21 32 	 2 6 	 1 1 	 0.552616
21 32 	 2 7 	 1 1 	 0.568947
21 32 	 2 11 	 1 1 	 0.526055
21 32 	 2 12 	 1 1 	 0.436131
21 32 	 2 13 	 1 1 	 0.483592
21 32 	 2 16 	 1 1 	 0.362211
21 22 	 3 14 	 1 1 	 0.584050
21 22 	 3 16 	 1 1 	 0.457303
21 32 	 3 5 	 1 1 	 0.482996
21 32 	 3 16 	 1 1 	 0.529336
21 32 	 4 5 	 1 1 	 0.565463
21 22 	 5 14 	 1 1 	 0.566824
21 32 	 5 4 	 1 1 	 0.562211
21 32 	 5 5 	 1 1 	 0.384012
21 32 	 6 1 	 1 1 	 0.517314
21 32 	 6 2 	 1 1 	 0.402510
21 32 	 6 3 	 1 1 	 0.455408
21 32 	 6 4 	 1 1 	 0.488352
21 32 	 6 5 	 1 1 	 0.373403
21 32 	 6 6 	 1 1 	 0.423539
21 32 	 6 7 	 1 1 	 0.455871
21 32 	 6 11 	 1 1 	 0.452770
21 32 	 6 12 	 1 1 	 0.420784
21 32 	 6 13 	 1 1 	 0.561304
21 32 	 6 16 	 1 1 	 0.362963
21 32 	 7 2 	 1 1 	 0.493707
21 32 	 7 3 	 1 1 	 0.454969
21 32 	 7 4 	 1 1 	 0.377308
21 32 	 7 5 	 1 1 	 0.357683
21 32 	 7 6 	 1 1 	 0.471737
21 32 	 7 7 	 1 1 	 0.496771
21 32 	 7 11 	 1 1 	 0.507372
21 32 	 7 12 	 1 1 	 0.498732
21 32 	 7 16 	 1 1 	 0.421342
21 25 	 8 8 	 1 1 	 0.516825
21 32 	 8 3 	 1 1 	 0.564518
21 32 	 8 4 	 1 1 	 0.478653
21 32 	 8 5 	 1 1 	 0.551428
21 32 	 8 6 	 1 1 	 0.496947
21 32 	 8 7 	 1 1 	 0.449641
21 32 	 8 8 	 1 1 	 0.591684
21 32 	 8 10 	 1 1 	 0.537530
21 32 	 8 11 	 1 1 	 0.448560
21 32 	 8 12 	 1 1 	 0.483709
21 32 	 8 16 	 1 1 	 0.451824
21 25 	 8 9 	 1 0 	 0.584829
21 25 	 9 8 	 1 1 	 0.433066
21 32 	 9 4 	 1 1 	 0.556080
21 32 	 9 7 	 1 1 	 0.593563
21 32 	 9 9 	 1 1 	 0.593824
21 32 	 9 10 	 1 1 	 0.482906
21 25 	 9 7 	 1 0 	 0.593853
21 25 	 9 9 	 1 0 	 0.416156
21 25 	 9 10 	 1 0 	 0.576751
21 25 	 9 11 	 1 0 	 0.551237
21 28 	 9 4 	 1 0 	 0.456385
21 28 	 9 5 	 1 0 	 0.510608
21 25 	 10 8 	 1 1 	 0.595993
21 32 	 10 2 	 1 1 	 0.555375
21 32 	 10 3 	 1 1 	 0.457448
21 32 	 10 4 	 1 1 	 0.382679
21 32 	 10 5 	 1 1 	 0.522568
21 32 	 10 6 	 1 1 	 0.435943
21 32 	 10 7 	 1 1 	 0.449205
21 32 	 10 8 	 1 1 	 0.543847
21 32 	 10 9 	 1 1 	 0.589770
21 32 	 10 10 	 1 1 	 0.412977
21 32 	 10 11 	 1 1 	 0.539954
21 25 	 10 9 	 1 0 	 0.547367
21 28 	 10 4 	 1 0 	 0.565226
21 31 	 10 4 	 1 0 	 0.556753
21 32 	 11 3 	 1 1 	 0.578351
21 32 	 11 4 	 1 1 	 0.397067
21 32 	 11 5 	 1 1 	 0.430602
21 32 	 11 16 	 1 1 	 0.542640
21 32 	 12 4 	 1 1 	 0.568078
21 32 	 12 5 	 1 1 	 0.591894
22 32 	 2 14 	 1 1 	 0.566245
22 32 	 3 13 	 1 1 	 0.576518
22 32 	 3 14 	 1 1 	 0.486153
22 32 	 4 14 	 1 1 	 0.585646
22 32 	 5 14 	 1 1 	 0.446409
22 30 	 10 7 	 1 1 	 0.590720
22 30 	 10 8 	 1 1 	 0.492564
22 30 	 10 10 	 1 1 	 0.514083
22 30 	 13 1 	 1 1 	 0.561125
22 30 	 13 2 	 1 1 	 0.500993
22 30 	 13 6 	 1 1 	 0.505927
22 30 	 13 7 	 1 1 	 0.478967
22 30 	 13 8 	 1 1 	 0.518095
22 30 	 13 10 	 1 1 	 0.520736
22 30 	 13 11 	 1 1 	 0.528343
22 30 	 14 1 	 1 1 	 0.506913
22 30 	 14 2 	 1 1 	 0.386978
22 30 	 14 3 	 1 1 	 0.450602
22 30 	 14 4 	 1 1 	 0.500372
22 30 	 14 5 	 1 1 	 0.408780
22 30 	 14 6 	 1 1 	 0.430298
22 30 	 14 7 	 1 1 	 0.442532
22 30 	 14 8 	 1 1 	 0.589496
22 30 	 14 11 	 1 1 	 0.449429
22 30 	 15 1 	 1 1 	 0.464348
22 30 	 15 2 	 1 1 	 0.405554
22 30 	 15 3 	 1 1 	 0.546683
22 30 	 15 5 	 1 1 	 0.521008
22 30 	 15 6 	 1 1 	 0.504969
22 30 	 15 7 	 1 1 	 0.563099
23 25 	 1 16 	 1 0 	 0.554665
23 25 	 2 16 	 1 1 	 0.492436
23 25 	 3 5 	 1 1 	 0.557734
23 25 	 3 16 	 1 1 	 0.515008
23 25 	 4 2 	 1 1 	 0.583228
23 25 	 4 5 	 1 1 	 0.492368
23 25 	 4 16 	 1 1 	 0.597341
23 17 	 8 7 	 1 0 	 0.496932
23 17 	 8 11 	 1 0 	 0.473132
23 17 	 8 12 	 1 0 	 0.599431
23 17 	 9 7 	 1 0 	 0.501521
23 17 	 9 11 	 1 0 	 0.562749
23 17 	 10 7 	 1 0 	 0.511488
23 17 	 10 11 	 1 0 	 0.577599
23 29 	 14 14 	 1 1 	 0.514462
23 29 	 14 15 	 1 1 	 0.516417
23 25 	 16 1 	 1 1 	 0.485040
23 25 	 16 2 	 1 1 	 0.485612
23 25 	 16 5 	 1 1 	 0.588894
23 25 	 16 10 	 1 1 	 0.584326
24 27 	 1 16 	 1 0 	 0.549590
24 28 	 1 6 	 1 0 	 0.560401
24 27 	 2 16 	 1 0 	 0.581159
24 31 	 3 8 	 1 1 	 0.474848
24 31 	 3 9 	 1 1 	 0.523549
24 31 	 3 10 	 1 1 	 0.492143
24 31 	 4 4 	 1 1 	 0.387666
24 31 	 4 8 	 1 1 	 0.420737
24 31 	 4 9 	 1 1 	 0.388478
24 31 	 4 10 	 1 1 	 0.479531
24 31 	 4 3 	 1 0 	 0.578662
24 31 	 4 5 	 1 0 	 0.430548
24 31 	 5 4 	 1 1 	 0.596850
24 31 	 5 8 	 1 1 	 0.542914
24 31 	 5 9 	 1 1 	 0.455518
24 31 	 5 10 	 1 1 	 0.504551
24 27 	 6 4 	 1 1 	 0.554632
24 27 	 6 12 	 1 0 	 0.529066
24 27 	 6 13 	 1 0 	 0.465953
24 27 	 6 15 	 1 0 	 0.582859
24 27 	 6 16 	 1 0 	 0.515500
24 27 	 7 4 	 1 1 	 0.525341
24 27 	 7 12 	 1 0 	 0.538502
24 27 	 7 13 	 1 0 	 0.384216
24 27 	 7 14 	 1 0 	 0.521137
24 27 	 7 15 	 1 0 	 0.470352
24 27 	 7 16 	 1 0 	 0.581717
24 31 	 9 8 	 1 1 	 0.550292
24 31 	 9 10 	 1 1 	 0.457619
24 27 	 10 4 	 1 1 	 0.556154
24 27 	 11 12 	 1 0 	 0.544458
24 27 	 11 13 	 1 0 	 0.352153
24 27 	 11 14 	 1 0 	 0.435469
24 27 	 11 15 	 1 0 	 0.473899
24 27 	 11 16 	 1 0 	 0.595109
24 26 	 12 1 	 1 1 	 0.549917
24 26 	 12 2 	 1 1 	 0.579412
24 27 	 12 12 	 1 1 	 0.561711
24 27 	 12 13 	 1 1 	 0.405720
24 27 	 12 14 	 1 1 	 0.491431
24 27 	 12 15 	 1 1 	 0.586088
24 27 	 12 16 	 1 1 	 0.579392
24 5 	 13 4 	 1 0 	 0.474369
24 5 	 13 3 	 1 0 	 0.480976
24 5 	 13 5 	 1 0 	 0.589861
24 5 	 14 11 	 1 0 	 0.594419
24 5 	 14 3 	 1 0 	 0.554793
24 5 	 15 4 	 1 0 	 0.460163
24 5 	 15 3 	 1 0 	 0.508968
24 26 	 16 1 	 1 1 	 0.364511
24 26 	 16 2 	 1 1 	 0.422031
24 26 	 16 3 	 1 1 	 0.517403
24 27 	 16 12 	 1 1 	 0.493497
24 27 	 16 13 	 1 1 	 0.418641
24 27 	 16 14 	 1 1 	 0.564411
24 27 	 16 16 	 1 1 	 0.466811
25 18 	 1 1 	 1 0 	 0.449088
25 18 	 1 2 	 1 0 	 0.487764
25 18 	 2 1 	 1 0 	 0.470618
25 18 	 2 2 	 1 0 	 0.539914
25 18 	 3 1 	 1 0 	 0.595277
25 18 	 6 1 	 1 0 	 0.364593
25 18 	 6 2 	 1 0 	 0.452568
25 18 	 7 1 	 1 0 	 0.447563
25 18 	 7 2 	 1 0 	 0.515455
25 21 	 7 9 	 1 0 	 0.593853
25 32 	 8 9 	 1 1 	 0.557948
25 18 	 8 6 	 1 0 	 0.419005
25 18 	 8 7 	 1 0 	 0.465399
25 18 	 8 8 	 1 0 	 0.555257
25 28 	 9 8 	 1 1 	 0.560553
25 21 	 9 8 	 1 0 	 0.584829
25 21 	 9 9 	 1 0 	 0.416156
25 21 	 9 10 	 1 0 	 0.547367
25 32 	 9 8 	 1 0 	 0.575625
25 32 	 9 9 	 1 0 	 0.359151
25 32 	 9 10 	 1 0 	 0.430420
25 28 	 9 5 	 1 0 	 0.508361
25 18 	 10 2 	 1 0 	 0.590864
25 21 	 10 9 	 1 0 	 0.576751
25 32 	 10 9 	 1 0 	 0.507489
25 21 	 11 9 	 1 0 	 0.551237
25 28 	 12 5 	 1 0 	 0.595101
25 17 	 13 12 	 1 0 	 0.560596
25 28 	 13 5 	 1 0 	 0.464629
25 28 	 14 2 	 1 1 	 0.593829
25 28 	 14 3 	 1 1 	 0.481625
25 28 	 14 5 	 1 1 	 0.437526
25 17 	 14 13 	 1 0 	 0.464956
25 28 	 15 3 	 1 1 	 0.434388
25 28 	 15 5 	 1 1 	 0.323072
25 28 	 15 4 	 1 0 	 0.457279
25 17 	 15 13 	 1 0 	 0.562689
25 23 	 16 1 	 1 0 	 0.554665
26 27 	 1 16 	 1 1 	 0.589177
26 28 	 1 11 	 1 1 	 0.563066
26 28 	 1 12 	 1 1 	 0.463742
26 28 	 1 16 	 1 1 	 0.412569
26 28 	 1 15 	 1 0 	 0.581234
26 28 	 2 12 	 1 1 	 0.529469
26 28 	 2 16 	 1 1 	 0.484125
26 28 	 2 15 	 1 0 	 0.545887
26 28 	 3 12 	 1 1 	 0.576967
26 28 	 3 16 	 1 1 	 0.582286
26 5 	 3 5 	 1 0 	 0.449081
26 28 	 3 13 	 1 0 	 0.588807
26 28 	 3 14 	 1 0 	 0.530431
26 28 	 3 15 	 1 0 	 0.442686
26 5 	 4 5 	 1 0 	 0.499681
26 10 	 4 8 	 1 0 	 0.537664
26 10 	 4 9 	 1 0 	 0.504523
26 10 	 4 10 	 1 0 	 0.410175
26 28 	 4 14 	 1 0 	 0.593320
26 28 	 4 15 	 1 0 	 0.586932
26 5 	 5 5 	 1 0 	 0.510687
26 10 	 5 8 	 1 0 	 0.488396
26 10 	 5 9 	 1 0 	 0.511850
26 10 	 5 10 	 1 0 	 0.468630
26 28 	 5 13 	 1 0 	 0.553839
26 28 	 5 14 	 1 0 	 0.390816
26 28 	 5 15 	 1 0 	 0.409508
26 28 	 6 12 	 1 1 	 0.596122
26 28 	 6 16 	 1 1 	 0.497324
26 17 	 6 5 	 1 0 	 0.598619
26 28 	 6 15 	 1 0 	 0.598208
26 17 	 7 5 	 1 0 	 0.562603
26 17 	 8 5 	 1 0 	 0.523399
26 17 	 9 5 	 1 0 	 0.475905
26 28 	 10 16 	 1 1 	 0.591028
27 14 	 1 7 	 1 0 	 0.483292
27 2 	 2 9 	 1 0 	 0.593560
27 2 	 2 10 	 1 0 	 0.556578
27 14 	 2 7 	 1 0 	 0.516261
27 14 	 2 10 	 1 0 	 0.563926
27 8 	 3 6 	 1 0 	 0.497242
27 8 	 3 7 	 1 0 	 0.493240
27 8 	 3 11 	 1 0 	 0.512259
27 14 	 3 11 	 1 0 	 0.528250
27 14 	 3 14 	 1 0 	 0.527016
27 8 	 4 6 	 1 0 	 0.589450
27 8 	 5 6 	 1 0 	 0.463915
27 8 	 5 7 	 1 0 	 0.417240
27 8 	 5 8 	 1 0 	 0.445647
27 8 	 5 9 	 1 0 	 0.521599
27 8 	 5 11 	 1 0 	 0.521220
27 2 	 6 8 	 1 0 	 0.483368
27 2 	 6 9 	 1 0 	 0.555808
27 2 	 6 10 	 1 0 	 0.462685
27 2 	 7 8 	 1 0 	 0.560608
27 2 	 7 10 	 1 0 	 0.522246
27 2 	 8 7 	 1 0 	 0.567328
27 2 	 8 8 	 1 0 	 0.579822
27 24 	 12 6 	 1 0 	 0.529066
27 24 	 12 7 	 1 0 	 0.538502
27 24 	 12 11 	 1 0 	 0.544458
27 24 	 13 6 	 1 0 	 0.465953
27 24 	 13 7 	 1 0 	 0.384216
27 24 	 13 11 	 1 0 	 0.352153
27 24 	 14 7 	 1 0 	 0.521137
27 24 	 14 11 	 1 0 	 0.435469
27 9 	 15 8 	 1 0 	 0.589066
27 24 	 15 6 	 1 0 	 0.582859
27 24 	 15 7 	 1 0 	 0.470352
27 24 	 15 11 	 1 0 	 0.473899
27 24 	 16 1 	 1 0 	 0.549590
27 24 	 16 2 	 1 0 	 0.581159
27 24 	 16 6 	 1 0 	 0.515500
27 24 	 16 7 	 1 0 	 0.581717
27 24 	 16 11 	 1 0 	 0.595109
28 25 	 4 15 	 1 0 	 0.457279
28 21 	 4 9 	 1 0 	 0.456385
28 21 	 4 10 	 1 0 	 0.565226
28 17 	 5 13 	 1 0 	 0.548744
28 25 	 5 9 	 1 0 	 0.508361
28 25 	 5 12 	 1 0 	 0.595101
28 25 	 5 13 	 1 0 	 0.464629
28 21 	 5 9 	 1 0 	 0.510608
28 24 	 6 1 	 1 0 	 0.560401
28 17 	 7 13 	 1 0 	 0.580686
28 5 	 8 14 	 1 0 	 0.579181
28 10 	 8 14 	 1 0 	 0.592339
28 32 	 8 9 	 1 0 	 0.532377
28 32 	 8 10 	 1 0 	 0.497136
28 32 	 9 8 	 1 1 	 0.507635
28 32 	 9 9 	 1 1 	 0.400988
28 32 	 9 10 	 1 1 	 0.357659
28 10 	 9 13 	 1 0 	 0.538836
28 10 	 9 15 	 1 0 	 0.441125
28 10 	 10 14 	 1 0 	 0.445294
28 32 	 10 9 	 1 0 	 0.462866
28 32 	 10 10 	 1 0 	 0.507805
28 17 	 11 13 	 1 0 	 0.583699
28 17 	 12 13 	 1 0 	 0.565273
28 20 	 12 15 	 1 0 	 0.560066
28 17 	 13 1 	 1 0 	 0.526514
28 17 	 13 2 	 1 0 	 0.538458
28 17 	 13 3 	 1 0 	 0.485528
28 17 	 13 6 	 1 0 	 0.585391
28 17 	 13 7 	 1 0 	 0.568551
28 17 	 13 11 	 1 0 	 0.589492
28 17 	 13 12 	 1 0 	 0.564012
28 26 	 13 3 	 1 0 	 0.588807
28 26 	 13 5 	 1 0 	 0.553839
28 17 	 14 3 	 1 0 	 0.442188
28 17 	 14 4 	 1 0 	 0.564832
28 26 	 14 3 	 1 0 	 0.530431
28 26 	 14 4 	 1 0 	 0.593320
28 26 	 14 5 	 1 0 	 0.390816
28 17 	 15 3 	 1 0 	 0.545828
28 26 	 15 1 	 1 0 	 0.581234
28 26 	 15 2 	 1 0 	 0.545887
28 26 	 15 3 	 1 0 	 0.442686
28 26 	 15 4 	 1 0 	 0.586932
28 26 	 15 5 	 1 0 	 0.409508
28 26 	 15 6 	 1 0 	 0.598208
28 17 	 16 13 	 1 0 	 0.581878
29 12 	 9 10 	 1 0 	 0.581402
29 20 	 9 4 	 1 0 	 0.391783
29 4 	 10 15 	 1 0 	 0.572425
29 20 	 10 4 	 1 0 	 0.509648
30 11 	 3 12 	 1 0 	 0.584081
30 16 	 3 5 	 1 0 	 0.597405
30 11 	 4 7 	 1 0 	 0.545307
30 11 	 4 11 	 1 0 	 0.447745
30 11 	 4 12 	 1 0 	 0.470298
30 16 	 4 3 	 1 0 	 0.499628
30 16 	 4 4 	 1 0 	 0.472897
30 16 	 4 5 	 1 0 	 0.331130
30 11 	 5 7 	 1 0 	 0.590958
30 11 	 5 11 	 1 0 	 0.453739
30 11 	 5 12 	 1 0 	 0.470808
30 16 	 5 5 	 1 0 	 0.523573
30 32 	 8 1 	 1 1 	 0.551000
30 31 	 9 1 	 1 1 	 0.568638
30 32 	 9 1 	 1 1 	 0.409787
30 32 	 9 2 	 1 1 	 0.562879
30 32 	 10 1 	 1 1 	 0.381283
30 32 	 10 2 	 1 1 	 0.517333
30 32 	 11 1 	 1 1 	 0.520750
30 32 	 11 2 	 1 1 	 0.587562
30 31 	 12 1 	 1 1 	 0.513071
30 31 	 12 2 	 1 1 	 0.592400
30 31 	 12 3 	 1 1 	 0.569851
30 32 	 12 1 	 1 1 	 0.455739
30 32 	 12 2 	 1 1 	 0.511048
30 32 	 12 3 	 1 1 	 0.539617
30 31 	 13 1 	 1 1 	 0.552517
30 31 	 13 2 	 1 1 	 0.591507
30 31 	 13 3 	 1 1 	 0.499605
30 32 	 13 3 	 1 1 	 0.535435
30 32 	 13 5 	 1 1 	 0.575348
30 16 	 13 4 	 1 0 	 0.410686
30 16 	 13 5 	 1 0 	 0.545452
30 31 	 13 15 	 1 0 	 0.566295
30 31 	 14 4 	 1 1 	 0.485994
30 31 	 14 8 	 1 1 	 0.530123
30 31 	 14 9 	 1 1 	 0.425065
30 31 	 14 10 	 1 1 	 0.571351
30 31 	 14 15 	 1 1 	 0.598002
30 11 	 14 5 	 1 0 	 0.549403
30 31 	 14 1 	 1 0 	 0.597645
30 31 	 14 2 	 1 0 	 0.566223
30 31 	 14 3 	 1 0 	 0.388346
30 31 	 14 5 	 1 0 	 0.585322
30 32 	 14 3 	 1 0 	 0.518508
30 32 	 14 4 	 1 0 	 0.583249
30 32 	 14 5 	 1 0 	 0.567028
30 31 	 15 3 	 1 1 	 0.445987
30 32 	 15 1 	 1 1 	 0.598520
30 32 	 15 2 	 1 1 	 0.538212
30 32 	 15 3 	 1 1 	 0.388718
30 32 	 15 4 	 1 1 	 0.465633
30 32 	 15 5 	 1 1 	 0.379861
30 16 	 15 4 	 1 0 	 0.446904
30 16 	 15 5 	 1 0 	 0.579445
30 16 	 15 13 	 1 0 	 0.474758
30 16 	 15 14 	 1 0 	 0.548124
30 16 	 15 15 	 1 0 	 0.503694
30 31 	 15 4 	 1 0 	 0.544210
30 31 	 16 1 	 1 1 	 0.329809
30 31 	 16 2 	 1 1 	 0.430421
30 31 	 16 3 	 1 1 	 0.475443
30 31 	 16 6 	 1 1 	 0.565191
30 32 	 16 1 	 1 1 	 0.477542
30 32 	 16 2 	 1 1 	 0.546544
30 32 	 16 3 	 1 1 	 0.567209
30 31 	 16 16 	 1 0 	 0.586161
31 32 	 1 1 	 1 1 	 0.561475
31 30 	 1 14 	 1 0 	 0.597645
31 32 	 2 1 	 1 1 	 0.581780
31 32 	 2 3 	 1 1 	 0.567847
31 30 	 2 14 	 1 0 	 0.566223
31 32 	 3 1 	 1 1 	 0.562443
31 32 	 3 2 	 1 1 	 0.518675
31 32 	 3 3 	 1 1 	 0.385883
31 32 	 3 4 	 1 1 	 0.544399
31 32 	 3 5 	 1 1 	 0.584433
31 32 	 3 6 	 1 1 	 0.566988
31 24 	 3 4 	 1 0 	 0.578662
31 30 	 3 14 	 1 0 	 0.388346
31 5 	 4 14 	 1 0 	 0.524306
31 21 	 4 10 	 1 0 	 0.556753
31 30 	 4 15 	 1 0 	 0.544210
31 32 	 4 3 	 1 0 	 0.444478
31 32 	 4 4 	 1 0 	 0.443027
31 32 	 4 5 	 1 0 	 0.587402
31 32 	 5 3 	 1 1 	 0.517491
31 24 	 5 4 	 1 0 	 0.430548
31 30 	 5 14 	 1 0 	 0.585322
31 5 	 7 12 	 1 0 	 0.569016
31 5 	 7 16 	 1 0 	 0.556435
31 13 	 12 1 	 1 0 	 0.535136
31 13 	 13 3 	 1 0 	 0.593371
31 13 	 14 3 	 1 0 	 0.525016
31 13 	 14 5 	 1 0 	 0.554865
31 13 	 15 1 	 1 0 	 0.527361
31 13 	 15 2 	 1 0 	 0.484365
31 13 	 15 3 	 1 0 	 0.392372
31 13 	 15 4 	 1 0 	 0.543569
31 13 	 15 5 	 1 0 	 0.423421
31 30 	 15 13 	 1 0 	 0.566295
31 13 	 16 1 	 1 0 	 0.371435
31 13 	 16 2 	 1 0 	 0.435188
31 13 	 16 3 	 1 0 	 0.518222
31 30 	 16 16 	 1 0 	 0.586161
32 30 	 3 14 	 1 0 	 0.518508
32 31 	 3 4 	 1 0 	 0.444478
32 16 	 4 13 	 1 0 	 0.587595
32 16 	 4 14 	 1 0 	 0.449488
32 16 	 4 15 	 1 0 	 0.413833
32 30 	 4 14 	 1 0 	 0.583249
32 31 	 4 4 	 1 0 	 0.443027
32 16 	 5 14 	 1 0 	 0.596858
32 16 	 5 15 	 1 0 	 0.505824
32 30 	 5 14 	 1 0 	 0.567028
32 31 	 5 4 	 1 0 	 0.587402
32 20 	 8 10 	 1 0 	 0.585681
32 25 	 8 9 	 1 0 	 0.575625
32 18 	 9 7 	 1 0 	 0.571390
32 18 	 9 8 	 1 0 	 0.428320
32 18 	 9 9 	 1 0 	 0.488600
32 20 	 9 10 	 1 0 	 0.460231
32 25 	 9 9 	 1 0 	 0.359151
32 25 	 9 10 	 1 0 	 0.507489
32 28 	 9 8 	 1 0 	 0.532377
32 28 	 9 10 	 1 0 	 0.462866
32 25 	 10 9 	 1 0 	 0.430420
32 28 	 10 8 	 1 0 	 0.497136
32 28 	 10 10 	 1 0 	 0.507805
