# # mol1 mol2 mol1res mol2res distance angle
1.000000000000000000e+00 1.000000000000000000e+00 1.000000000000000000e+00 7.000000000000000000e+00 5.723570175646973679e-01 1.266914742553017277e+02
1.000000000000000000e+00 2.000000000000000000e+00 1.000000000000000000e+00 8.000000000000000000e+00 5.748497388206955661e-01 1.375505552362892274e+02
1.000000000000000000e+00 3.000000000000000000e+00 1.000000000000000000e+00 5.100000000000000000e+01 5.861892944168196617e-01 1.259115138284932840e+02
2.000000000000000000e+00 2.000000000000000000e+00 2.000000000000000000e+00 8.000000000000000000e+00 4.460680067732566423e-01 1.361243993289639604e+02
2.000000000000000000e+00 2.000000000000000000e+00 2.000000000000000000e+00 1.100000000000000000e+01 3.946506190431116057e-01 1.481270839757309261e+02
2.000000000000000000e+00 3.000000000000000000e+00 2.000000000000000000e+00 1.200000000000000000e+01 5.039906304243716439e-01 2.066483353725556071e+01
2.000000000000000000e+00 2.000000000000000000e+00 2.000000000000000000e+00 5.000000000000000000e+01 5.322890818593470907e-01 2.801756785846629683e+01
2.000000000000000000e+00 3.000000000000000000e+00 2.000000000000000000e+00 5.100000000000000000e+01 5.184175708613451006e-01 1.037299562177599483e+02
2.000000000000000000e+00 1.000000000000000000e+00 2.000000000000000000e+00 9.400000000000000000e+01 5.930413139065437989e-01 4.255948657382647582e+01
3.000000000000000000e+00 1.000000000000000000e+00 3.000000000000000000e+00 1.000000000000000000e+01 5.487774290791000986e-01 1.041767189438015748e+02
3.000000000000000000e+00 1.000000000000000000e+00 3.000000000000000000e+00 4.900000000000000000e+01 5.893386123443805635e-01 1.182263349497186198e+02
1.000000000000000000e+00 1.000000000000000000e+00 4.000000000000000000e+00 5.200000000000000000e+01 5.466217461218801921e-01 6.281603302697299540e+01
1.000000000000000000e+00 1.000000000000000000e+00 4.000000000000000000e+00 8.500000000000000000e+01 5.331368388030306438e-01 9.531123945867869907e+01
1.000000000000000000e+00 3.000000000000000000e+00 4.000000000000000000e+00 3.720000000000000000e+02 5.400377151026887201e-01 1.014766638951769835e+02
2.000000000000000000e+00 1.000000000000000000e+00 5.000000000000000000e+00 6.100000000000000000e+01 4.808998509738451888e-01 6.917640576311528378e+01
2.000000000000000000e+00 2.000000000000000000e+00 5.000000000000000000e+00 8.300000000000000000e+01 5.016710963259582989e-01 1.032498612030400409e+02
3.000000000000000000e+00 2.000000000000000000e+00 6.000000000000000000e+00 5.300000000000000000e+01 4.767377569365455203e-01 1.217970472308642229e+02
3.000000000000000000e+00 2.000000000000000000e+00 6.000000000000000000e+00 8.600000000000000000e+01 4.725981379565518670e-01 1.129448687447819424e+02
1.000000000000000000e+00 1.000000000000000000e+00 7.000000000000000000e+00 2.800000000000000000e+01 5.272623213880884840e-01 1.148541602128967156e+02
1.000000000000000000e+00 1.000000000000000000e+00 7.000000000000000000e+00 3.100000000000000000e+01 5.547256579207017202e-01 5.081003485980039613e+01
2.000000000000000000e+00 3.000000000000000000e+00 8.000000000000000000e+00 1.200000000000000000e+01 5.435166357466281184e-01 1.436421127562544768e+02
2.000000000000000000e+00 1.000000000000000000e+00 8.000000000000000000e+00 2.800000000000000000e+01 5.704784541651570784e-01 1.128588929793129125e+02
2.000000000000000000e+00 1.000000000000000000e+00 8.000000000000000000e+00 3.100000000000000000e+01 5.525434120702391594e-01 1.276252330354798801e+02
2.000000000000000000e+00 1.000000000000000000e+00 8.000000000000000000e+00 4.000000000000000000e+01 5.580793452149572786e-01 7.936797922134024930e+01
2.000000000000000000e+00 1.000000000000000000e+00 8.000000000000000000e+00 9.400000000000000000e+01 5.235619458202734888e-01 1.326444020853901975e+02
3.000000000000000000e+00 1.000000000000000000e+00 9.000000000000000000e+00 1.900000000000000000e+01 5.540793164240015445e-01 8.927676762391310206e+01
3.000000000000000000e+00 1.000000000000000000e+00 9.000000000000000000e+00 2.800000000000000000e+01 5.227994091639949215e-01 8.999432348867847509e+01
3.000000000000000000e+00 1.000000000000000000e+00 9.000000000000000000e+00 4.000000000000000000e+01 5.685944659128036038e-01 5.423879893897779425e+01
1.000000000000000000e+00 2.000000000000000000e+00 1.000000000000000000e+01 4.100000000000000000e+01 4.864749622425484921e-01 1.426225708620548858e+02
1.000000000000000000e+00 1.000000000000000000e+00 1.000000000000000000e+01 7.900000000000000000e+01 4.424784991637696896e-01 4.893243808277195939e+01
2.000000000000000000e+00 1.000000000000000000e+00 1.100000000000000000e+01 4.000000000000000000e+01 5.814887980195513340e-01 1.193900250048112923e+02
2.000000000000000000e+00 2.000000000000000000e+00 1.100000000000000000e+01 4.100000000000000000e+01 5.228512641702652841e-01 7.166577217195742833e+01
2.000000000000000000e+00 2.000000000000000000e+00 1.100000000000000000e+01 5.000000000000000000e+01 4.464577869805338439e-01 1.209409850365268539e+02
3.000000000000000000e+00 1.000000000000000000e+00 1.200000000000000000e+01 4.000000000000000000e+01 4.935155069048548504e-01 7.092585186865053970e+01
1.000000000000000000e+00 3.000000000000000000e+00 1.300000000000000000e+01 9.300000000000000000e+01 5.576770272000330930e-01 1.143221803754431960e+02
1.000000000000000000e+00 2.000000000000000000e+00 1.300000000000000000e+01 2.510000000000000000e+02 5.963425938912032542e-01 1.504214620385064336e+02
2.000000000000000000e+00 2.000000000000000000e+00 1.400000000000000000e+01 4.400000000000000000e+01 4.343896100660484261e-01 4.596585539900833339e+01
2.000000000000000000e+00 3.000000000000000000e+00 1.400000000000000000e+01 9.000000000000000000e+01 5.151738649340743548e-01 3.623432314690603562e+01
2.000000000000000000e+00 1.000000000000000000e+00 1.400000000000000000e+01 2.740000000000000000e+02 4.859552932798105185e-01 6.928917168145487437e+01
3.000000000000000000e+00 1.000000000000000000e+00 1.500000000000000000e+01 4.300000000000000000e+01 4.910511401292356748e-01 7.742973922987390267e+01
3.000000000000000000e+00 2.000000000000000000e+00 1.500000000000000000e+01 4.400000000000000000e+01 4.760853098156074270e-01 1.503411726220512605e+02
3.000000000000000000e+00 2.000000000000000000e+00 1.500000000000000000e+01 6.800000000000000000e+01 5.414361560803928608e-01 9.775769426651169169e+01
3.000000000000000000e+00 3.000000000000000000e+00 1.500000000000000000e+01 9.000000000000000000e+01 4.865263496347232985e-01 1.402656956286631669e+02
1.000000000000000000e+00 3.000000000000000000e+00 1.600000000000000000e+01 3.000000000000000000e+01 5.383607836138637470e-01 1.103846452004063394e+02
1.000000000000000000e+00 1.000000000000000000e+00 1.600000000000000000e+01 3.400000000000000000e+01 4.659887933797932091e-01 1.082216285217864140e+02
1.000000000000000000e+00 1.000000000000000000e+00 1.600000000000000000e+01 5.500000000000000000e+01 4.925243366801506095e-01 1.139985576514911969e+02
2.000000000000000000e+00 2.000000000000000000e+00 1.700000000000000000e+01 2.000000000000000000e+01 5.542195714095031756e-01 7.260122330776553667e+01
2.000000000000000000e+00 2.000000000000000000e+00 1.700000000000000000e+01 2.900000000000000000e+01 4.723038099453450989e-01 9.493529175121163632e+01
2.000000000000000000e+00 3.000000000000000000e+00 1.700000000000000000e+01 3.000000000000000000e+01 4.828965842818844778e-01 7.996679135909518266e+01
2.000000000000000000e+00 2.000000000000000000e+00 1.700000000000000000e+01 3.200000000000000000e+01 4.596194077712558168e-01 1.225485168842042185e+02
2.000000000000000000e+00 1.000000000000000000e+00 1.700000000000000000e+01 5.500000000000000000e+01 5.524942433083702698e-01 6.668451552441980823e+01
2.000000000000000000e+00 2.000000000000000000e+00 1.700000000000000000e+01 5.600000000000000000e+01 5.476139150898190477e-01 7.349179245084232548e+01
3.000000000000000000e+00 1.000000000000000000e+00 1.800000000000000000e+01 2.800000000000000000e+01 5.328028611868455000e-01 6.411946030069626090e+01
3.000000000000000000e+00 2.000000000000000000e+00 1.800000000000000000e+01 2.900000000000000000e+01 5.013271276211660465e-01 1.542576209377410521e+02
3.000000000000000000e+00 1.000000000000000000e+00 1.800000000000000000e+01 3.100000000000000000e+01 5.161094845088588512e-01 5.605590215061742043e+01
3.000000000000000000e+00 2.000000000000000000e+00 1.800000000000000000e+01 3.200000000000000000e+01 5.544140049537787940e-01 1.559573138899100684e+02
1.000000000000000000e+00 2.000000000000000000e+00 1.900000000000000000e+01 2.900000000000000000e+01 5.938179668701321079e-01 1.120947493007544296e+02
1.000000000000000000e+00 1.000000000000000000e+00 1.900000000000000000e+01 4.000000000000000000e+01 5.153589903056787769e-01 1.382773728537749491e+02
2.000000000000000000e+00 2.000000000000000000e+00 2.000000000000000000e+01 2.900000000000000000e+01 4.827762306585614005e-01 7.941674082543259772e+01
2.000000000000000000e+00 3.000000000000000000e+00 2.000000000000000000e+01 3.000000000000000000e+01 3.980100501243651334e-01 2.517960093558193080e+01
2.000000000000000000e+00 2.000000000000000000e+00 2.000000000000000000e+01 9.500000000000000000e+01 4.108350574676468137e-01 3.184725126252598315e+01
2.000000000000000000e+00 3.000000000000000000e+00 2.000000000000000000e+01 9.600000000000000000e+01 5.190262249850411402e-01 1.053003575280838788e+02
3.000000000000000000e+00 3.000000000000000000e+00 2.100000000000000000e+01 3.000000000000000000e+01 4.795639222831045156e-01 1.238112176941407796e+02
3.000000000000000000e+00 2.000000000000000000e+00 2.100000000000000000e+01 3.500000000000000000e+01 5.257322935149076892e-01 1.204991332048249291e+02
3.000000000000000000e+00 3.000000000000000000e+00 2.100000000000000000e+01 9.600000000000000000e+01 5.637298407334259132e-01 2.763416574092798683e+01
1.000000000000000000e+00 1.000000000000000000e+00 2.200000000000000000e+01 3.700000000000000000e+01 5.847606347899966250e-01 1.472682403226632175e+02
1.000000000000000000e+00 2.000000000000000000e+00 2.200000000000000000e+01 5.900000000000000000e+01 4.105158002102012871e-01 1.349334765802561549e+02
2.000000000000000000e+00 2.000000000000000000e+00 2.300000000000000000e+01 3.800000000000000000e+01 5.853221335299050310e-01 8.000308885867436004e+01
2.000000000000000000e+00 2.000000000000000000e+00 2.300000000000000000e+01 6.500000000000000000e+01 4.172696969586939253e-01 6.930732194116085054e+01
2.000000000000000000e+00 1.000000000000000000e+00 2.300000000000000000e+01 8.200000000000000000e+01 5.760082946933623438e-01 4.111818941377017467e+01
2.000000000000000000e+00 2.000000000000000000e+00 2.300000000000000000e+01 1.400000000000000000e+02 4.445393925301907578e-01 1.249746885557393625e+02
1.000000000000000000e+00 2.000000000000000000e+00 2.500000000000000000e+01 4.700000000000000000e+01 5.050735919975752886e-01 4.879548675193665730e+01
1.000000000000000000e+00 3.000000000000000000e+00 2.500000000000000000e+01 4.800000000000000000e+01 4.772352087225379402e-01 7.517509173212272344e+01
1.000000000000000000e+00 1.000000000000000000e+00 2.500000000000000000e+01 6.100000000000000000e+01 4.162461878370647406e-01 1.239835436275736953e+02
1.000000000000000000e+00 1.000000000000000000e+00 2.500000000000000000e+01 7.000000000000000000e+01 5.475404601995685905e-01 4.164947043409965488e+01
1.000000000000000000e+00 2.000000000000000000e+00 2.500000000000000000e+01 7.100000000000000000e+01 5.300678153678914928e-01 5.297635822236476599e+01
1.000000000000000000e+00 2.000000000000000000e+00 2.500000000000000000e+01 8.900000000000000000e+01 5.969475130472808866e-01 1.034980171614057554e+02
2.000000000000000000e+00 2.000000000000000000e+00 2.600000000000000000e+01 4.700000000000000000e+01 5.278453056215115513e-01 1.356297949521173507e+02
2.000000000000000000e+00 3.000000000000000000e+00 2.600000000000000000e+01 8.400000000000000000e+01 5.271433496792986562e-01 9.123419430703803812e+01
2.000000000000000000e+00 1.000000000000000000e+00 2.600000000000000000e+01 8.800000000000000000e+01 4.833058612882276672e-01 6.259886472931033552e+01
2.000000000000000000e+00 2.000000000000000000e+00 2.600000000000000000e+01 8.900000000000000000e+01 5.313489123604815401e-01 5.925290490202775828e+01
1.000000000000000000e+00 1.000000000000000000e+00 2.800000000000000000e+01 3.100000000000000000e+01 5.303035818178952754e-01 1.048311845326118856e+02
2.000000000000000000e+00 1.000000000000000000e+00 2.900000000000000000e+01 9.400000000000000000e+01 4.574121652174206187e-01 9.622390957984347892e+01
1.000000000000000000e+00 3.000000000000000000e+00 3.100000000000000000e+01 5.100000000000000000e+01 4.535245920074848502e-01 1.277388183139398876e+02
1.000000000000000000e+00 1.000000000000000000e+00 3.100000000000000000e+01 9.400000000000000000e+01 5.850344719188207421e-01 9.546329873578325476e+01
2.000000000000000000e+00 3.000000000000000000e+00 3.200000000000000000e+01 5.100000000000000000e+01 4.797251527929530246e-01 9.630682266411137959e+01
2.000000000000000000e+00 2.000000000000000000e+00 3.200000000000000000e+01 5.600000000000000000e+01 4.478924722147790138e-01 9.205723549100531500e+01
2.000000000000000000e+00 3.000000000000000000e+00 3.200000000000000000e+01 5.700000000000000000e+01 5.784550304234740148e-01 1.617293007609858364e+02
2.000000000000000000e+00 1.000000000000000000e+00 3.200000000000000000e+01 9.400000000000000000e+01 5.399443386950999457e-01 1.210891972204099858e+02
1.000000000000000000e+00 1.000000000000000000e+00 3.400000000000000000e+01 5.500000000000000000e+01 5.116050994446571520e-01 8.390506410584106334e+01
1.000000000000000000e+00 3.000000000000000000e+00 3.400000000000000000e+01 7.500000000000000000e+01 5.641506890893602799e-01 5.672224709896758554e+01
2.000000000000000000e+00 1.000000000000000000e+00 3.500000000000000000e+01 5.500000000000000000e+01 5.358587085748963696e-01 8.241534808187671501e+01
2.000000000000000000e+00 2.000000000000000000e+00 3.500000000000000000e+01 7.400000000000000000e+01 5.097304298461198258e-01 9.380926370668747438e+01
2.000000000000000000e+00 3.000000000000000000e+00 3.500000000000000000e+01 7.500000000000000000e+01 5.049062619272344232e-01 1.484106109893627945e+02
2.000000000000000000e+00 2.000000000000000000e+00 3.500000000000000000e+01 9.500000000000000000e+01 5.388903207312015775e-01 7.975990653206179104e+01
3.000000000000000000e+00 1.000000000000000000e+00 3.600000000000000000e+01 7.300000000000000000e+01 5.458860279907845614e-01 5.806913295715791890e+01
3.000000000000000000e+00 2.000000000000000000e+00 3.600000000000000000e+01 7.400000000000000000e+01 4.704434078611369752e-01 1.243848900075881829e+02
3.000000000000000000e+00 3.000000000000000000e+00 3.600000000000000000e+01 9.600000000000000000e+01 4.871806646409523323e-01 9.217582575104994191e+01
1.000000000000000000e+00 1.000000000000000000e+00 3.700000000000000000e+01 4.600000000000000000e+01 5.736124320673522403e-01 5.583324364468589351e+01
1.000000000000000000e+00 1.000000000000000000e+00 3.700000000000000000e+01 5.800000000000000000e+01 4.879129020634728198e-01 1.223531676903227066e+02
1.000000000000000000e+00 2.000000000000000000e+00 3.700000000000000000e+01 5.900000000000000000e+01 5.200534160598846434e-01 7.777767320132188900e+01
1.000000000000000000e+00 3.000000000000000000e+00 3.700000000000000000e+01 3.600000000000000000e+02 5.912622621326530936e-01 1.031970977734659698e+02
2.000000000000000000e+00 2.000000000000000000e+00 3.800000000000000000e+01 4.700000000000000000e+01 5.802891041924225224e-01 1.289820256367481193e+02
2.000000000000000000e+00 2.000000000000000000e+00 3.800000000000000000e+01 6.500000000000000000e+01 5.735148937327900764e-01 1.477078246178094787e+02
2.000000000000000000e+00 2.000000000000000000e+00 3.800000000000000000e+01 7.100000000000000000e+01 4.166610666290336829e-01 1.326152565964726193e+02
2.000000000000000000e+00 3.000000000000000000e+00 3.800000000000000000e+01 7.200000000000000000e+01 5.799333295014752476e-01 3.761471111839339443e+01
2.000000000000000000e+00 1.000000000000000000e+00 3.800000000000000000e+01 8.200000000000000000e+01 5.903785979258466821e-01 1.155935151677153812e+02
2.000000000000000000e+00 1.000000000000000000e+00 3.800000000000000000e+01 6.220000000000000000e+02 5.679789749238570717e-01 1.631562593457813648e+02
3.000000000000000000e+00 3.000000000000000000e+00 3.900000000000000000e+01 6.300000000000000000e+01 4.591499391992410750e-01 1.688722466303600527e+02
3.000000000000000000e+00 2.000000000000000000e+00 3.900000000000000000e+01 6.500000000000000000e+01 4.514284734779880903e-01 1.125380424465070348e+02
3.000000000000000000e+00 1.000000000000000000e+00 3.900000000000000000e+01 7.000000000000000000e+01 5.049843781962191080e-01 1.352087433690943499e+02
3.000000000000000000e+00 2.000000000000000000e+00 3.900000000000000000e+01 7.100000000000000000e+01 4.799075142381310499e-01 1.674906609515036848e+02
1.000000000000000000e+00 1.000000000000000000e+00 4.000000000000000000e+01 9.400000000000000000e+01 5.396151921096697945e-01 1.236279039814233727e+02
2.000000000000000000e+00 1.000000000000000000e+00 4.100000000000000000e+01 7.300000000000000000e+01 5.008065716643724796e-01 7.271142310840858158e+01
2.000000000000000000e+00 2.000000000000000000e+00 4.100000000000000000e+01 7.400000000000000000e+01 5.819501696880930997e-01 3.431407499986951848e+01
2.000000000000000000e+00 1.000000000000000000e+00 4.100000000000000000e+01 7.900000000000000000e+01 4.784528306020469635e-01 1.352750730303538944e+02
2.000000000000000000e+00 2.000000000000000000e+00 4.100000000000000000e+01 8.000000000000000000e+01 5.918856871615217896e-01 7.808745065550975539e+01
2.000000000000000000e+00 2.000000000000000000e+00 4.100000000000000000e+01 9.500000000000000000e+01 5.591200427656143335e-01 8.475565382310178109e+01
3.000000000000000000e+00 1.000000000000000000e+00 4.200000000000000000e+01 7.300000000000000000e+01 5.079669718047074012e-01 7.281306269177966328e+01
1.000000000000000000e+00 1.000000000000000000e+00 4.300000000000000000e+01 6.700000000000000000e+01 5.893930965172757830e-01 7.974631859948610213e+01
1.000000000000000000e+00 1.000000000000000000e+00 4.300000000000000000e+01 7.600000000000000000e+01 4.387829126623378206e-01 1.170084307598537947e+02
2.000000000000000000e+00 2.000000000000000000e+00 4.400000000000000000e+01 6.800000000000000000e+01 5.595197345343000395e-01 1.105447233658121178e+02
2.000000000000000000e+00 2.000000000000000000e+00 4.400000000000000000e+01 2.150000000000000000e+02 4.445393925301905358e-01 1.249746885557393625e+02
2.000000000000000000e+00 2.000000000000000000e+00 4.400000000000000000e+01 2.570000000000000000e+02 5.824988548963473400e-01 7.925441771999003038e+01
2.000000000000000000e+00 1.000000000000000000e+00 4.400000000000000000e+01 2.740000000000000000e+02 5.370979471608922085e-01 1.091808219093754246e+02
1.000000000000000000e+00 2.000000000000000000e+00 4.600000000000000000e+01 5.300000000000000000e+01 5.237379539850480770e-01 3.438196991615769349e+01
1.000000000000000000e+00 1.000000000000000000e+00 4.600000000000000000e+01 5.800000000000000000e+01 5.315367657399943102e-01 8.373583377516557391e+01
1.000000000000000000e+00 2.000000000000000000e+00 4.600000000000000000e+01 5.900000000000000000e+01 5.028709796977973712e-01 1.148123514455755014e+02
1.000000000000000000e+00 2.000000000000000000e+00 4.600000000000000000e+01 9.200000000000000000e+01 5.883680820710790460e-01 1.091871079398907938e+02
1.000000000000000000e+00 2.000000000000000000e+00 4.600000000000000000e+01 3.260000000000000000e+02 5.679789749238570717e-01 1.631562593457813648e+02
1.000000000000000000e+00 3.000000000000000000e+00 4.600000000000000000e+01 3.600000000000000000e+02 5.955215681885734913e-01 1.577839184169245641e+02
2.000000000000000000e+00 2.000000000000000000e+00 4.700000000000000000e+01 7.100000000000000000e+01 4.066290966251951411e-01 5.456091658897815222e+00
2.000000000000000000e+00 3.000000000000000000e+00 4.700000000000000000e+01 7.200000000000000000e+01 5.157987333576280475e-01 9.890818533341503382e+01
1.000000000000000000e+00 3.000000000000000000e+00 4.900000000000000000e+01 5.700000000000000000e+01 5.905832333850626892e-01 9.322127770609347408e+01
1.000000000000000000e+00 1.000000000000000000e+00 4.900000000000000000e+01 7.900000000000000000e+01 5.495069507193596214e-01 6.743194914396809736e+01
1.000000000000000000e+00 2.000000000000000000e+00 4.900000000000000000e+01 8.000000000000000000e+01 5.657640851096857881e-01 6.763706829751286875e+01
1.000000000000000000e+00 3.000000000000000000e+00 4.900000000000000000e+01 8.100000000000000000e+01 5.134101674100348678e-01 8.300103383586004213e+01
2.000000000000000000e+00 2.000000000000000000e+00 5.000000000000000000e+01 5.600000000000000000e+01 5.398313522655840968e-01 5.277887654482560009e+01
2.000000000000000000e+00 3.000000000000000000e+00 5.000000000000000000e+01 5.700000000000000000e+01 5.035930897063621847e-01 5.926769710937258395e+01
2.000000000000000000e+00 2.000000000000000000e+00 5.000000000000000000e+01 8.000000000000000000e+01 5.422848779828634003e-01 1.526188378397356438e+01
2.000000000000000000e+00 1.000000000000000000e+00 5.000000000000000000e+01 9.400000000000000000e+01 5.739420218492845560e-01 1.859246580744832755e+01
3.000000000000000000e+00 3.000000000000000000e+00 5.100000000000000000e+01 5.700000000000000000e+01 5.330930708818321095e-01 7.245301070676043764e+01
1.000000000000000000e+00 1.000000000000000000e+00 5.200000000000000000e+01 8.500000000000000000e+01 5.128055728593006179e-01 6.058468091634518515e+01
1.000000000000000000e+00 1.000000000000000000e+00 5.200000000000000000e+01 9.100000000000000000e+01 5.062003336405243026e-01 1.340026014197546544e+02
2.000000000000000000e+00 1.000000000000000000e+00 5.300000000000000000e+01 5.800000000000000000e+01 5.520371364319617280e-01 8.352934958981431635e+01
2.000000000000000000e+00 1.000000000000000000e+00 5.300000000000000000e+01 8.500000000000000000e+01 5.405147752117627213e-01 5.776920424305489377e+01
2.000000000000000000e+00 1.000000000000000000e+00 5.300000000000000000e+01 9.100000000000000000e+01 4.600720957994881011e-01 7.784423430746606698e+01
2.000000000000000000e+00 2.000000000000000000e+00 5.300000000000000000e+01 9.200000000000000000e+01 5.598271558654904778e-01 8.985787937216322518e+01
3.000000000000000000e+00 1.000000000000000000e+00 5.400000000000000000e+01 5.800000000000000000e+01 4.806598473857462417e-01 8.797847922220289263e+01
1.000000000000000000e+00 3.000000000000000000e+00 5.500000000000000000e+01 7.500000000000000000e+01 5.150794976398197500e-01 6.601181791438267510e+01
2.000000000000000000e+00 2.000000000000000000e+00 5.600000000000000000e+01 8.000000000000000000e+01 4.313731305700179153e-01 4.200390805950458173e+01
2.000000000000000000e+00 3.000000000000000000e+00 5.600000000000000000e+01 8.100000000000000000e+01 5.829661701638917393e-01 1.081200567863068898e+02
2.000000000000000000e+00 2.000000000000000000e+00 5.600000000000000000e+01 9.500000000000000000e+01 5.900064029784384267e-01 3.200661869105461932e+01
3.000000000000000000e+00 3.000000000000000000e+00 5.700000000000000000e+01 8.100000000000000000e+01 5.355830675275519148e-01 1.365108873317911105e+02
1.000000000000000000e+00 2.000000000000000000e+00 5.800000000000000000e+01 9.200000000000000000e+01 5.134896948008470519e-01 1.452366034611635257e+02
2.000000000000000000e+00 2.000000000000000000e+00 5.900000000000000000e+01 9.200000000000000000e+01 4.106128211452844678e-01 4.020286459217724939e+01
2.000000000000000000e+00 1.000000000000000000e+00 5.900000000000000000e+01 1.090000000000000000e+02 5.963425938912031432e-01 1.504214620385064336e+02
1.000000000000000000e+00 2.000000000000000000e+00 6.100000000000000000e+01 8.300000000000000000e+01 5.511342849070446359e-01 1.503136668621685317e+02
1.000000000000000000e+00 1.000000000000000000e+00 6.100000000000000000e+01 8.800000000000000000e+01 4.642215706606777625e-01 8.541496432767617364e+01
1.000000000000000000e+00 2.000000000000000000e+00 6.100000000000000000e+01 8.900000000000000000e+01 4.857380409690441048e-01 8.126132568079533769e+01
2.000000000000000000e+00 2.000000000000000000e+00 6.200000000000000000e+01 6.500000000000000000e+01 5.944032488321568941e-01 5.329885385781849294e+01
2.000000000000000000e+00 1.000000000000000000e+00 6.200000000000000000e+01 7.000000000000000000e+01 4.730530860508387891e-01 1.069419849759843117e+02
2.000000000000000000e+00 2.000000000000000000e+00 6.200000000000000000e+01 7.100000000000000000e+01 5.025642026425858333e-01 1.050379787520969614e+02
2.000000000000000000e+00 2.000000000000000000e+00 6.200000000000000000e+01 7.700000000000000000e+01 3.805587996617612045e-01 1.429606965418412301e+02
2.000000000000000000e+00 1.000000000000000000e+00 6.200000000000000000e+01 8.200000000000000000e+01 5.769514710961402004e-01 2.830389522931296042e+01
2.000000000000000000e+00 2.000000000000000000e+00 6.200000000000000000e+01 8.900000000000000000e+01 5.543132888739200625e-01 1.049616201791453420e+02
2.000000000000000000e+00 2.000000000000000000e+00 6.200000000000000000e+01 1.640000000000000000e+02 5.415280441696640468e-01 1.127325329086739600e+02
3.000000000000000000e+00 2.000000000000000000e+00 6.300000000000000000e+01 6.500000000000000000e+01 5.703399571016101177e-01 6.830930117205518570e+01
3.000000000000000000e+00 1.000000000000000000e+00 6.300000000000000000e+01 7.000000000000000000e+01 5.436431631952060028e-01 5.533073989195861486e+01
3.000000000000000000e+00 2.000000000000000000e+00 6.300000000000000000e+01 7.700000000000000000e+01 5.409157872431612502e-01 5.004172728299862882e+01
2.000000000000000000e+00 2.000000000000000000e+00 6.500000000000000000e+01 7.700000000000000000e+01 5.132993495244488891e-01 1.175046531967172712e+02
2.000000000000000000e+00 2.000000000000000000e+00 6.500000000000000000e+01 1.400000000000000000e+02 5.824988548963470070e-01 7.925441771999003038e+01
1.000000000000000000e+00 1.000000000000000000e+00 6.700000000000000000e+01 7.600000000000000000e+01 5.598912592836421398e-01 4.799728201701904595e+01
2.000000000000000000e+00 3.000000000000000000e+00 6.800000000000000000e+01 9.000000000000000000e+01 4.684305948827663379e-01 1.211499470009431576e+02
2.000000000000000000e+00 2.000000000000000000e+00 6.800000000000000000e+01 2.540000000000000000e+02 5.415280441696643798e-01 1.127325329086739600e+02
2.000000000000000000e+00 2.000000000000000000e+00 6.800000000000000000e+01 2.690000000000000000e+02 4.847585886695446322e-01 8.291602593551967004e+01
2.000000000000000000e+00 1.000000000000000000e+00 6.800000000000000000e+01 2.740000000000000000e+02 5.636685515048320827e-01 1.397007604831390211e+02
2.000000000000000000e+00 1.000000000000000000e+00 7.100000000000000000e+01 8.200000000000000000e+01 5.884608926872051393e-01 7.704623659752822107e+01
3.000000000000000000e+00 1.000000000000000000e+00 7.200000000000000000e+01 6.130000000000000000e+02 5.912622621326530936e-01 1.031970977734659698e+02
3.000000000000000000e+00 1.000000000000000000e+00 7.200000000000000000e+01 6.220000000000000000e+02 5.955215681885736023e-01 1.577839184169245641e+02
3.000000000000000000e+00 2.000000000000000000e+00 7.200000000000000000e+01 6.620000000000000000e+02 5.672954632484049631e-01 1.292263186775100223e+02
1.000000000000000000e+00 1.000000000000000000e+00 7.300000000000000000e+01 7.900000000000000000e+01 5.942880895099054150e-01 1.475032817567321786e+02
2.000000000000000000e+00 1.000000000000000000e+00 7.400000000000000000e+01 7.900000000000000000e+01 5.838336901702213533e-01 1.102663087224451459e+02
2.000000000000000000e+00 2.000000000000000000e+00 7.400000000000000000e+01 8.000000000000000000e+01 4.150598350438967077e-01 7.821655730172278709e+01
2.000000000000000000e+00 2.000000000000000000e+00 7.400000000000000000e+01 9.500000000000000000e+01 4.416007497980752872e-01 5.780700224072412396e+01
2.000000000000000000e+00 2.000000000000000000e+00 7.700000000000000000e+01 1.640000000000000000e+02 4.847585886695447432e-01 8.291602593551967004e+01
2.000000000000000000e+00 2.000000000000000000e+00 8.000000000000000000e+01 9.500000000000000000e+01 5.921397169962884233e-01 5.083760381410376539e+01
1.000000000000000000e+00 2.000000000000000000e+00 8.200000000000000000e+01 8.900000000000000000e+01 5.060687261188501207e-01 1.304706273534533807e+02
1.000000000000000000e+00 2.000000000000000000e+00 8.200000000000000000e+01 1.100000000000000000e+02 4.859552932798104075e-01 6.928917168145487437e+01
1.000000000000000000e+00 2.000000000000000000e+00 8.200000000000000000e+01 1.400000000000000000e+02 5.370979471608920974e-01 1.091808219093754246e+02
1.000000000000000000e+00 2.000000000000000000e+00 8.200000000000000000e+01 1.640000000000000000e+02 5.636685515048320827e-01 1.397007604831390211e+02
1.000000000000000000e+00 3.000000000000000000e+00 8.200000000000000000e+01 1.860000000000000000e+02 5.701293657875671217e-01 9.870603985640184419e+01
3.000000000000000000e+00 2.000000000000000000e+00 8.400000000000000000e+01 8.900000000000000000e+01 5.985009050396944419e-01 6.500111280710611084e+01
3.000000000000000000e+00 1.000000000000000000e+00 8.400000000000000000e+01 5.800000000000000000e+02 5.400377151026886091e-01 1.014766638951769835e+02
1.000000000000000000e+00 1.000000000000000000e+00 8.500000000000000000e+01 9.100000000000000000e+01 5.697864122244017393e-01 7.912496675281458636e+01
1.000000000000000000e+00 2.000000000000000000e+00 8.500000000000000000e+01 9.200000000000000000e+01 4.853775163038903107e-01 1.007726324589648073e+02
1.000000000000000000e+00 3.000000000000000000e+00 8.500000000000000000e+01 1.890000000000000000e+02 5.451951417815669165e-01 1.346183751321096622e+02
2.000000000000000000e+00 3.000000000000000000e+00 8.600000000000000000e+01 3.600000000000000000e+02 5.672954632484048521e-01 1.292263186775100223e+02
3.000000000000000000e+00 1.000000000000000000e+00 9.000000000000000000e+01 2.740000000000000000e+02 5.701293657875672327e-01 9.870603985640184419e+01
3.000000000000000000e+00 1.000000000000000000e+00 9.300000000000000000e+01 2.770000000000000000e+02 5.451951417815669165e-01 1.346183751321096622e+02
