# Created on Thu Nov  3 11:28:19 EDT 2022 by hooten@r130
# called from potential_to_gromacs.sh, version 1.6.4 
# settings file: '/ocean/projects/dmr170002p/hooten/fff/second_cg/forcefield/bonded_params/gen1/settings_dihedrals.xml'
# working directory: /ocean/projects/dmr170002p/hooten/fff/second_cg/forcefield/bonded_params/gen1
-1.8000000000e+02   1.9098513219e+01 -1.2006896500e-01
-1.7500000000e+02   1.8477542969e+01 1.7064271000e-01
-1.7000000000e+02   1.7392086119e+01 1.4514865200e-01
-1.6500000000e+02   1.7026056449e+01 7.2650956000e-02
-1.6000000000e+02   1.6665576559e+01 1.4196802800e-01
-1.5500000000e+02   1.5606376169e+01 2.3603693200e-01
-1.5000000000e+02   1.4305207239e+01 2.5263612600e-01
-1.4500000000e+02   1.3080014909e+01 2.6152703000e-01
-1.4000000000e+02   1.1689936939e+01 2.6360291200e-01
-1.3500000000e+02   1.0443985789e+01 2.5306178750e-01
-1.3000000000e+02   9.1593190636e+00 2.5961188220e-01
-1.2500000000e+02   7.8478669665e+00 2.6391644670e-01
-1.2000000000e+02   6.5201545966e+00 2.6560108060e-01
-1.1500000000e+02   5.1918561605e+00 2.6210825350e-01
-1.1000000000e+02   3.8990720616e+00 2.4711622600e-01
-1.0500000000e+02   2.7206939006e+00 2.1219302780e-01
-1.0000000000e+02   1.7771417835e+00 1.6507686900e-01
-9.5000000000e+01   1.0699252106e+00 1.0554854617e-01
-9.0000000000e+01   7.2165632185e-01 2.5386794820e-02
-8.5000000000e+01   8.1605726235e-01 -6.3526492470e-02
-8.0000000000e+01   1.3569212466e+00 -1.4246487952e-01
-7.5000000000e+01   2.2407060576e+00 -1.8770779350e-01
-7.0000000000e+01   3.2339991815e+00 -1.9281954930e-01
-6.5000000000e+01   4.1689015506e+00 -1.5523954130e-01
-6.0000000000e+01   4.7863945945e+00 -1.0797450270e-01
-5.5000000000e+01   5.2486465775e+00 -1.0655531130e-01
-5.0000000000e+01   5.8519477075e+00 -1.2817030120e-01
-4.5000000000e+01   6.5303495896e+00 -1.5798832680e-01
-4.0000000000e+01   7.4318309755e+00 -2.1139236170e-01
-3.5000000000e+01   8.6442732066e+00 -2.4671042360e-01
-3.0000000000e+01   9.8989352116e+00 -2.5137903620e-01
-2.5000000000e+01   1.1158063569e+01 -3.0616193070e-01
-2.0000000000e+01   1.2960554519e+01 -3.5434880300e-01
-1.5000000000e+01   1.4701551599e+01 -2.9717022800e-01
-1.0000000000e+01   1.5932256799e+01 -1.1901206700e-01
-5.0000000000e+00   1.5891672269e+01 1.2310213000e-02
0.0000000000e+00   1.5809154669e+01 -1.0395346000e-02
5.0000000000e+00   1.5995625729e+01 1.1907090000e-02
1.0000000000e+01   1.5690083769e+01 2.0646630600e-01
1.5000000000e+01   1.3930962669e+01 3.4923548000e-01
2.0000000000e+01   1.2197728969e+01 3.2916689700e-01
2.5000000000e+01   1.0639293699e+01 3.2452416620e-01
3.0000000000e+01   8.9524873065e+00 3.3506703910e-01
3.5000000000e+01   7.2886233075e+00 3.2236590120e-01
4.0000000000e+01   5.7288282946e+00 2.9738911960e-01
4.5000000000e+01   4.3147321115e+00 2.7041874170e-01
5.0000000000e+01   3.0246408775e+00 2.4951824380e-01
5.5000000000e+01   1.8195496736e+00 2.1881291094e-01
6.0000000000e+01   8.3651176815e-01 1.6234652902e-01
6.5000000000e+01   1.9608438335e-01 8.3651176815e-02
7.0000000000e+01   0.0000000000e+00 -6.0330699500e-03
7.5000000000e+01   2.5641508285e-01 -9.8087301655e-02
8.0000000000e+01   9.8087301655e-01 -1.6480435707e-01
8.5000000000e+01   1.9044586535e+00 -1.8818968480e-01
9.0000000000e+01   2.8627698646e+00 -1.6844282250e-01
9.5000000000e+01   3.5888868785e+00 -1.2217922620e-01
1.0000000000e+02   4.0845621265e+00 -9.5377244900e-02
1.0500000000e+02   4.5426593276e+00 -9.4366663100e-02
1.1000000000e+02   5.0282287575e+00 -1.0207497210e-01
1.1500000000e+02   5.5634090485e+00 -1.2996716180e-01
1.2000000000e+02   6.3279003755e+00 -1.7093188420e-01
1.2500000000e+02   7.2727278905e+00 -1.9138809850e-01
1.3000000000e+02   8.2417813606e+00 -1.9896045120e-01
1.3500000000e+02   9.2623324025e+00 -2.3782724280e-01
1.4000000000e+02   1.0620053789e+01 -2.7009047760e-01
1.4500000000e+02   1.1963237179e+01 -2.2701425700e-01
1.5000000000e+02   1.2890196359e+01 -1.9055052700e-01
1.5500000000e+02   1.3868742449e+01 -2.1396220000e-01
1.6000000000e+02   1.5029818359e+01 -2.1680571600e-01
1.6500000000e+02   1.6036799609e+01 -1.3033557100e-01
1.7000000000e+02   1.6333174069e+01 -1.2400537100e-01
1.7500000000e+02   1.7276853319e+01 -1.7832656600e-01
1.8000000000e+02   1.8116439729e+01 -1.2006896500e-01
