# Created on Thu Nov  3 11:31:58 EDT 2022 by hooten@r130
# called from potential_to_gromacs.sh, version 1.6.4 
# settings file: '/ocean/projects/dmr170002p/hooten/fff/second_cg/forcefield/bonded_params/gen1/settings_dihedrals.xml'
# working directory: /ocean/projects/dmr170002p/hooten/fff/second_cg/forcefield/bonded_params/gen1
-1.8000000000e+02   1.8001275247e+01 9.4603807000e-02
-1.7500000000e+02   1.5519111107e+01 4.6120605100e-01
-1.7000000000e+02   1.3389214737e+01 4.5884293100e-01
-1.6500000000e+02   1.0930681797e+01 5.0995973140e-01
-1.6000000000e+02   8.2896174228e+00 5.2655263840e-01
-1.5500000000e+02   5.6651554128e+00 5.0537348110e-01
-1.5000000000e+02   3.2358826118e+00 4.4469841720e-01
-1.4500000000e+02   1.2181712408e+00 3.2358826118e-01
-1.4000000000e+02   0.0000000000e+00 1.1998636729e-01
-1.3500000000e+02   1.8307567900e-02 -1.4274024858e-01
-1.3000000000e+02   1.4274024858e+00 -3.8838575549e-01
-1.2500000000e+02   3.9021651228e+00 -5.7652088460e-01
-1.2000000000e+02   7.1926113318e+00 -8.7533727340e-01
-1.1500000000e+02   1.2655537857e+01 -1.2264478865e+00
-1.1000000000e+02   1.9457090197e+01 -1.2558751520e+00
-1.0500000000e+02   2.5214289377e+01 -6.0557092400e-01
-1.0000000000e+02   2.5512799437e+01 -2.9538533000e-02
-9.5000000000e+01   2.5509674707e+01 3.1247300000e-04
-9.0000000000e+01   2.5509674707e+01 -0.0000000000e+00
-8.5000000000e+01   2.5509674707e+01 -0.0000000000e+00
-8.0000000000e+01   2.5509674707e+01 -0.0000000000e+00
-7.5000000000e+01   2.5509674707e+01 -0.0000000000e+00
-7.0000000000e+01   2.5509674707e+01 -0.0000000000e+00
-6.5000000000e+01   2.5509674707e+01 -0.0000000000e+00
-6.0000000000e+01   2.5509674707e+01 -0.0000000000e+00
-5.5000000000e+01   2.5509674707e+01 -0.0000000000e+00
-5.0000000000e+01   2.5509674707e+01 -0.0000000000e+00
-4.5000000000e+01   2.5509674707e+01 -0.0000000000e+00
-4.0000000000e+01   2.5509674707e+01 -0.0000000000e+00
-3.5000000000e+01   2.5509674707e+01 -0.0000000000e+00
-3.0000000000e+01   2.5509674707e+01 -0.0000000000e+00
-2.5000000000e+01   2.5509674707e+01 -0.0000000000e+00
-2.0000000000e+01   2.5509674707e+01 -0.0000000000e+00
-1.5000000000e+01   2.5509674707e+01 -0.0000000000e+00
-1.0000000000e+01   2.5509674707e+01 -0.0000000000e+00
-5.0000000000e+00   2.5509674707e+01 -0.0000000000e+00
0.0000000000e+00   2.5509674707e+01 -0.0000000000e+00
5.0000000000e+00   2.5509674707e+01 -0.0000000000e+00
1.0000000000e+01   2.5509674707e+01 -0.0000000000e+00
1.5000000000e+01   2.5509674707e+01 -0.0000000000e+00
2.0000000000e+01   2.5509674707e+01 -0.0000000000e+00
2.5000000000e+01   2.5509674707e+01 -0.0000000000e+00
3.0000000000e+01   2.5509674707e+01 -0.0000000000e+00
3.5000000000e+01   2.5509674707e+01 -0.0000000000e+00
4.0000000000e+01   2.5509674707e+01 -0.0000000000e+00
4.5000000000e+01   2.5509674707e+01 -0.0000000000e+00
5.0000000000e+01   2.5509674707e+01 -0.0000000000e+00
5.5000000000e+01   2.5509674707e+01 -0.0000000000e+00
6.0000000000e+01   2.5509674707e+01 -0.0000000000e+00
6.5000000000e+01   2.5509674707e+01 -0.0000000000e+00
7.0000000000e+01   2.5509674707e+01 -0.0000000000e+00
7.5000000000e+01   2.5509674707e+01 -0.0000000000e+00
8.0000000000e+01   2.5509674707e+01 -0.0000000000e+00
8.5000000000e+01   2.5509674707e+01 -0.0000000000e+00
9.0000000000e+01   2.5509674707e+01 -0.0000000000e+00
9.5000000000e+01   2.5509674707e+01 1.7989523000e-02
1.0000000000e+02   2.5329779477e+01 3.7565388500e-01
1.0500000000e+02   2.1753135857e+01 1.0472674290e+00
1.1000000000e+02   1.4857105187e+01 1.3039736182e+00
1.1500000000e+02   8.7133996748e+00 1.0511838503e+00
1.2000000000e+02   4.3452666838e+00 6.9595384130e-01
1.2500000000e+02   1.7538612618e+00 3.5963671160e-01
1.3000000000e+02   7.4889956780e-01 7.2971270700e-02
1.3500000000e+02   1.0241485548e+00 -1.4325099160e-01
1.4000000000e+02   2.1814094838e+00 -2.7502000350e-01
1.4500000000e+02   3.7743485898e+00 -3.3263320680e-01
1.5000000000e+02   5.5077415518e+00 -3.5702704210e-01
1.5500000000e+02   7.3446190108e+00 -3.8449855250e-01
1.6000000000e+02   9.3527270768e+00 -4.2897686560e-01
1.6500000000e+02   1.1634387667e+01 -4.8034307800e-01
1.7000000000e+02   1.4156157857e+01 -4.8307615100e-01
1.7500000000e+02   1.6465149177e+01 -4.3815320700e-01
1.8000000000e+02   1.8537689927e+01 9.4603807000e-02
