# Created on Thu Nov  3 11:13:38 EDT 2022 by hooten@r130
# called from potential_to_gromacs.sh, version 1.6.4 
# settings file: '/ocean/projects/dmr170002p/hooten/fff/second_cg/forcefield/bonded_params/gen1/settings_dihedrals.xml'
# working directory: /ocean/projects/dmr170002p/hooten/fff/second_cg/forcefield/bonded_params/gen1
-1.8000000000e+02   2.4469884655e+01 2.8761348600e-01
-1.7500000000e+02   2.4469884655e+01 -0.0000000000e+00
-1.7000000000e+02   2.4469884655e+01 -0.0000000000e+00
-1.6500000000e+02   2.4469884655e+01 -0.0000000000e+00
-1.6000000000e+02   2.4469884655e+01 -0.0000000000e+00
-1.5500000000e+02   2.4469884655e+01 -0.0000000000e+00
-1.5000000000e+02   2.4469884655e+01 -0.0000000000e+00
-1.4500000000e+02   2.4469884655e+01 -0.0000000000e+00
-1.4000000000e+02   2.4469884655e+01 -0.0000000000e+00
-1.3500000000e+02   2.4469884655e+01 -0.0000000000e+00
-1.3000000000e+02   2.4469884655e+01 -0.0000000000e+00
-1.2500000000e+02   2.4469884655e+01 -0.0000000000e+00
-1.2000000000e+02   2.4469884655e+01 -0.0000000000e+00
-1.1500000000e+02   2.4469884655e+01 -0.0000000000e+00
-1.1000000000e+02   2.4469884655e+01 -0.0000000000e+00
-1.0500000000e+02   2.4469884655e+01 -0.0000000000e+00
-1.0000000000e+02   2.4469884655e+01 -0.0000000000e+00
-9.5000000000e+01   2.4469884655e+01 -0.0000000000e+00
-9.0000000000e+01   2.4469884655e+01 -0.0000000000e+00
-8.5000000000e+01   2.4469884655e+01 -0.0000000000e+00
-8.0000000000e+01   2.4469884655e+01 -0.0000000000e+00
-7.5000000000e+01   2.4469884655e+01 -0.0000000000e+00
-7.0000000000e+01   2.4469884655e+01 -0.0000000000e+00
-6.5000000000e+01   2.4469884655e+01 -0.0000000000e+00
-6.0000000000e+01   2.4469884655e+01 2.9299249000e-02
-5.5000000000e+01   2.4176892165e+01 2.2148143500e-01
-5.0000000000e+01   2.2255070305e+01 3.8923310000e-01
-4.5000000000e+01   2.0284561165e+01 4.1287048000e-01
-4.0000000000e+01   1.8126365505e+01 4.8451053400e-01
-3.5000000000e+01   1.5439455825e+01 5.2838874300e-01
-3.0000000000e+01   1.2842478075e+01 4.3484141700e-01
-2.5000000000e+01   1.1091041655e+01 3.4433080330e-01
-2.0000000000e+01   9.3991700420e+00 3.2720399880e-01
-1.5000000000e+01   7.8190016670e+00 2.9660265360e-01
-1.0000000000e+01   6.4331435060e+00 2.6545349940e-01
-5.0000000000e+00   5.1644666730e+00 2.4392885480e-01
0.0000000000e+00   3.9938549580e+00 2.1890244340e-01
5.0000000000e+00   2.9754422390e+00 1.8699580880e-01
1.0000000000e+01   2.1238968700e+00 1.5563523030e-01
1.5000000000e+01   1.4190899360e+00 1.2986714967e-01
2.0000000000e+01   8.2522537334e-01 1.0105778313e-01
2.5000000000e+01   4.0851210474e-01 6.7675408630e-02
3.0000000000e+01   1.4847128704e-01 4.0851210474e-02
3.5000000000e+01   0.0000000000e+00 1.3701241148e-02
4.0000000000e+01   1.1458875560e-02 -1.7656178144e-02
4.5000000000e+01   1.7656178144e-01 -4.4016922988e-02
5.0000000000e+01   4.5162810544e-01 -7.0790330930e-02
5.5000000000e+01   8.8446509074e-01 -9.7870507760e-02
6.0000000000e+01   1.4303331830e+00 -1.1920444133e-01
6.5000000000e+01   2.0765095040e+00 -1.3673047570e-01
7.0000000000e+01   2.7976379400e+00 -1.4971064330e-01
7.5000000000e+01   3.5736159370e+00 -1.5928619370e-01
8.0000000000e+01   4.3904998770e+00 -1.6505178140e-01
8.5000000000e+01   5.2241337510e+00 -1.6001959500e-01
9.0000000000e+01   5.9906958270e+00 -1.4511750680e-01
9.5000000000e+01   6.6753088190e+00 -1.3825772280e-01
1.0000000000e+02   7.3732730550e+00 -1.2988216710e-01
1.0500000000e+02   7.9741304900e+00 -1.1743240910e-01
1.1000000000e+02   8.5475971460e+00 -1.0740756460e-01
1.1500000000e+02   9.0482061360e+00 -9.3408684000e-02
1.2000000000e+02   9.4816839860e+00 -9.6356383900e-02
1.2500000000e+02   1.0011769975e+01 -1.2631437190e-01
1.3000000000e+02   1.0744827705e+01 -1.6068363700e-01
1.3500000000e+02   1.1618606345e+01 -1.9991136000e-01
1.4000000000e+02   1.2743941305e+01 -2.2374345500e-01
1.4500000000e+02   1.3856040895e+01 -2.3075718400e-01
1.5000000000e+02   1.5051513145e+01 -2.5201716100e-01
1.5500000000e+02   1.6376212505e+01 -3.5523038400e-01
1.6000000000e+02   1.8603816985e+01 -5.2374189100e-01
1.6500000000e+02   2.1613631415e+01 -5.7350791600e-01
1.7000000000e+02   2.4338896145e+01 -5.7323881000e-01
1.7500000000e+02   2.7346019515e+01 -4.8574404100e-01
1.8000000000e+02   2.9196336555e+01 2.8761348600e-01
