# Created on Thu Nov  3 12:19:19 EDT 2022 by hooten@r130
# called from potential_to_gromacs.sh, version 1.6.4 
# settings file: '/ocean/projects/dmr170002p/hooten/fff/second_cg/forcefield/bonded_params/gen1/settings_dihedrals.xml'
# working directory: /ocean/projects/dmr170002p/hooten/fff/second_cg/forcefield/bonded_params/gen1
-1.8000000000e+02   1.0777235356e+01 -9.0128541000e-02
-1.7500000000e+02   1.1109822286e+01 -6.2036272000e-02
-1.7000000000e+02   1.1397598076e+01 -5.8918048000e-02
-1.6500000000e+02   1.1699002766e+01 -6.5174185000e-02
-1.6000000000e+02   1.2049339926e+01 -7.4498511000e-02
-1.5500000000e+02   1.2443987876e+01 -5.0266600000e-02
-1.5000000000e+02   1.2552005926e+01 3.1790896000e-02
-1.4500000000e+02   1.2126078916e+01 9.0592642000e-02
-1.4000000000e+02   1.1646079506e+01 1.1493249300e-01
-1.3500000000e+02   1.0976753986e+01 1.6368376000e-01
-1.3000000000e+02   1.0009241906e+01 1.9900723130e-01
-1.2500000000e+02   8.9866816732e+00 2.0046549680e-01
-1.2000000000e+02   8.0045869382e+00 1.8104945960e-01
-1.1500000000e+02   7.1761870771e+00 1.4368286860e-01
-1.1000000000e+02   6.5677582521e+00 1.0328292190e-01
-1.0500000000e+02   6.1433578581e+00 7.4651454300e-02
-1.0000000000e+02   5.8212437092e+00 4.8316109400e-02
-9.5000000000e+01   5.6601967642e+00 2.1199808700e-02
-9.0000000000e+01   5.6092456222e+00 1.0041049700e-02
-8.5000000000e+01   5.5597862671e+00 7.8430550000e-03
-8.0000000000e+01   5.5308150722e+00 -1.4600747000e-03
-7.5000000000e+01   5.5743870142e+00 -1.7703485500e-02
-7.0000000000e+01   5.7078499271e+00 -4.6764678800e-02
-6.5000000000e+01   6.0420338021e+00 -8.8851031300e-02
-6.0000000000e+01   6.5963602402e+00 -1.2387855500e-01
-5.5000000000e+01   7.2808193521e+00 -1.5745361900e-01
-5.0000000000e+01   8.1708964302e+00 -1.9815504350e-01
-4.5000000000e+01   9.2623697871e+00 -2.1708070660e-01
-4.0000000000e+01   1.0341703496e+01 -2.2195644590e-01
-3.5000000000e+01   1.1481934246e+01 -2.5332586300e-01
-3.0000000000e+01   1.2874962126e+01 -2.8217335700e-01
-2.5000000000e+01   1.4303667816e+01 -2.5224394800e-01
-2.0000000000e+01   1.5397401606e+01 -2.7461805500e-01
-1.5000000000e+01   1.7049848366e+01 -4.7781362500e-01
-1.0000000000e+01   2.0175537856e+01 -4.5176717400e-01
-5.0000000000e+00   2.1567520106e+01 -2.2701708500e-01
0.0000000000e+00   2.2445708706e+01 -1.4839280300e-01
5.0000000000e+00   2.3051448136e+01 8.4073605000e-02
1.0000000000e+01   2.1604972656e+01 3.2413060200e-01
1.5000000000e+01   1.9810142116e+01 3.3453565900e-01
2.0000000000e+01   1.8259616066e+01 4.0101662100e-01
2.5000000000e+01   1.5799975906e+01 4.3710136900e-01
3.0000000000e+01   1.3888602376e+01 3.8677455800e-01
3.5000000000e+01   1.1932230326e+01 3.9626710680e-01
4.0000000000e+01   9.9259313082e+00 3.9824274000e-01
4.5000000000e+01   7.9498029262e+00 3.7537754770e-01
5.0000000000e+01   6.1721558312e+00 3.3263720180e-01
5.5000000000e+01   4.6234309082e+00 2.8516779600e-01
6.0000000000e+01   3.3204778712e+00 2.3007260430e-01
6.5000000000e+01   2.3227048651e+00 1.7442453980e-01
7.0000000000e+01   1.5762324732e+00 1.3265273040e-01
7.5000000000e+01   9.9617756115e-01 1.0050897607e-01
8.0000000000e+01   5.7114271245e-01 7.0143819440e-02
8.5000000000e+01   2.9473936675e-01 4.4883030070e-02
9.0000000000e+01   1.2231241175e-01 2.6901500866e-02
9.5000000000e+01   2.5724358090e-02 1.2231241175e-02
1.0000000000e+02   0.0000000000e+00 -4.3139626750e-03
1.0500000000e+02   6.8863984840e-02 -2.1190644505e-02
1.1000000000e+02   2.1190644505e-01 -3.5771312281e-02
1.1500000000e+02   4.2657710765e-01 -5.4771121780e-02
1.2000000000e+02   7.5961766285e-01 -8.0672582450e-02
1.2500000000e+02   1.2333029321e+00 -1.0543939533e-01
1.3000000000e+02   1.8140116161e+00 -1.2699875540e-01
1.3500000000e+02   2.5032904862e+00 -1.5013067240e-01
1.4000000000e+02   3.3153183402e+00 -1.7076233480e-01
1.4500000000e+02   4.2109138342e+00 -1.8717399170e-01
1.5000000000e+02   5.1870582572e+00 -2.0022649830e-01
1.5500000000e+02   6.2131788172e+00 -2.0412847320e-01
1.6000000000e+02   7.2283429891e+00 -2.0005907790e-01
1.6500000000e+02   8.2137695961e+00 -1.9663119590e-01
1.7000000000e+02   9.1946549481e+00 -1.9947672800e-01
1.7500000000e+02   1.0208536876e+01 -2.0038825580e-01
1.8000000000e+02   1.1198537506e+01 -9.0128541000e-02
